/*--------------------------------*- C++ -*----------------------------------*\
| =========                 |                                                 |
| \\      /  F ield         | OpenFOAM: The Open Source CFD Toolbox           |
|  \\    /   O peration     | Version:  2.1.1                                 |
|   \\  /    A nd           | Web:      www.OpenFOAM.org                      |
|    \\/     M anipulation  |                                                 |
\*---------------------------------------------------------------------------*/
FoamFile
{
    version     2.0;
    format      ascii;
    class       surfaceScalarField;
    location    "1";
    object      phi;
}
// * * * * * * * * * * * * * * * * * * * * * * * * * * * * * * * * * * * * * //

dimensions      [0 3 -1 0 0 0 0];

internalField   nonuniform List<scalar> 
3280
(
6.42968e-10
-6.42985e-10
9.71242e-10
-3.28275e-10
4.07483e-10
5.63759e-10
-1.12531e-09
1.53279e-09
-3.53918e-09
2.41387e-09
-6.67972e-09
3.14054e-09
-1.03806e-08
3.70084e-09
-1.44867e-08
4.10615e-09
-1.88616e-08
4.37488e-09
-2.33867e-08
4.52511e-09
-2.7958e-08
4.57134e-09
-3.24815e-08
4.52345e-09
-3.68683e-08
4.38682e-09
-4.10315e-08
4.16316e-09
-4.48832e-08
3.85177e-09
-4.83342e-08
3.45099e-09
-5.12939e-08
2.95968e-09
-5.36726e-08
2.37864e-09
-5.53845e-08
1.71196e-09
-5.63525e-08
9.67987e-10
-5.65127e-08
1.60194e-10
-5.58199e-08
-6.92771e-10
-5.42534e-08
-1.5665e-09
-5.18215e-08
-2.43195e-09
-4.85652e-08
-3.25624e-09
-4.4561e-08
-4.00418e-09
-3.99207e-08
-4.6403e-09
-3.47897e-08
-5.13107e-09
-2.93423e-08
-5.44738e-09
-2.37754e-08
-5.56692e-09
-1.82992e-08
-5.4762e-09
-1.3127e-08
-5.17222e-09
-8.46358e-09
-4.66338e-09
-4.49363e-09
-3.96995e-09
-1.36927e-09
-3.12437e-09
8.0335e-10
-2.17262e-09
1.98006e-09
-1.17671e-09
2.20035e-09
-2.20283e-10
1.63156e-09
5.68784e-10
6.57254e-10
9.74309e-10
6.57254e-10
3.46568e-10
-9.89554e-10
-5.52384e-10
5.70675e-10
-3.4392e-09
3.45057e-09
-8.48788e-09
6.58148e-09
-1.55567e-08
9.48274e-09
-2.43563e-08
1.19401e-08
-3.45389e-08
1.38834e-08
-4.57508e-08
1.53181e-08
-5.76573e-08
1.62814e-08
-6.99502e-08
1.6818e-08
-8.23466e-08
1.69678e-08
-9.45831e-08
1.67599e-08
-1.06408e-07
1.62122e-08
-1.17578e-07
1.53328e-08
-1.2785e-07
1.41234e-08
-1.36983e-07
1.25841e-08
-1.4474e-07
1.07173e-08
-1.50894e-07
8.53267e-09
-1.55234e-07
6.05129e-09
-1.57574e-07
3.30849e-09
-1.57771e-07
3.56663e-10
-1.55728e-07
-2.73543e-09
-1.51414e-07
-5.8803e-09
-1.4487e-07
-8.97627e-09
-1.36216e-07
-1.19101e-08
-1.25658e-07
-1.45623e-08
-1.13485e-07
-1.68135e-08
-1.00064e-07
-1.8552e-08
-8.58297e-08
-1.96815e-08
-7.12675e-08
-2.0129e-08
-5.6892e-08
-1.98517e-08
-4.32223e-08
-1.8842e-08
-3.07538e-08
-1.71319e-08
-1.99289e-08
-1.47949e-08
-1.11054e-08
-1.19478e-08
-4.52497e-09
-8.75308e-09
-2.75495e-10
-5.42619e-09
1.75935e-09
-2.25513e-09
1.94732e-09
3.80813e-10
9.78877e-10
1.94276e-09
1.63613e-09
-5.63453e-10
-4.26102e-10
-3.53189e-09
3.53911e-09
-9.46552e-09
9.38421e-09
-1.84341e-08
1.55501e-08
-3.02177e-08
2.12664e-08
-4.44272e-08
2.61496e-08
-6.05938e-08
3.005e-08
-7.82277e-08
3.29519e-08
-9.68498e-08
3.49035e-08
-1.16005e-07
3.59737e-08
-1.35266e-07
3.62287e-08
-1.54226e-07
3.57198e-08
-1.72495e-07
3.44808e-08
-1.89692e-07
3.25297e-08
-2.05443e-07
2.98751e-08
-2.19383e-07
2.65238e-08
-2.31155e-07
2.24896e-08
-2.40424e-07
1.78015e-08
-2.46884e-07
1.25113e-08
-2.50275e-07
6.69923e-09
-2.50397e-07
4.78865e-10
-2.47128e-07
-6.00498e-09
-2.40436e-07
-1.25715e-08
-2.30399e-07
-1.90138e-08
-2.17205e-07
-2.51037e-08
-2.01165e-07
-3.06022e-08
-1.82707e-07
-3.52722e-08
-1.62366e-07
-3.88926e-08
-1.40774e-07
-4.12737e-08
-1.18631e-07
-4.22718e-08
-9.66794e-08
-4.18034e-08
-7.56657e-08
-3.98556e-08
-5.63028e-08
-3.64947e-08
-3.92268e-08
-3.1871e-08
-2.49526e-08
-2.6222e-08
-1.38291e-08
-1.98766e-08
-5.9921e-09
-1.32632e-08
-1.31823e-09
-6.929e-09
6.32332e-10
-1.56975e-09
6.55426e-10
1.91966e-09
2.29156e-09
-1.6352e-09
1.2091e-09
-7.05319e-09
8.9571e-09
-1.64114e-08
1.87424e-08
-2.95639e-08
2.87025e-08
-4.61454e-08
3.78478e-08
-6.56521e-08
4.56563e-08
-8.75094e-08
5.19072e-08
-1.1112e-07
5.65628e-08
-1.35895e-07
5.96784e-08
-1.61266e-07
6.13444e-08
-1.86689e-07
6.16514e-08
-2.11641e-07
6.06726e-08
-2.35619e-07
5.84583e-08
-2.58128e-07
5.50388e-08
-2.78686e-07
5.04334e-08
-2.96824e-07
4.46612e-08
-3.12089e-07
3.77549e-08
-3.2406e-07
2.97727e-08
-3.32359e-07
2.08098e-08
-3.36666e-07
1.10069e-08
-3.36744e-07
5.56619e-10
-3.3245e-07
-1.02996e-08
-3.23756e-07
-2.12648e-08
-3.10767e-07
-3.20027e-08
-2.93727e-07
-4.21444e-08
-2.73023e-07
-5.13057e-08
-2.49189e-07
-5.91062e-08
-2.2289e-07
-6.51917e-08
-1.94906e-07
-6.9258e-08
-1.66103e-07
-7.10744e-08
-1.37401e-07
-7.05054e-08
-1.09728e-07
-6.75291e-08
-8.39723e-08
-6.22504e-08
-6.09329e-08
-5.49103e-08
-4.12648e-08
-4.58901e-08
-2.54262e-08
-3.57152e-08
-1.36279e-08
-2.50614e-08
-5.78724e-09
-1.47697e-08
-1.4883e-09
-5.86869e-09
4.69764e-11
3.84382e-10
2.33853e-09
-2.73196e-09
3.94107e-09
-1.07192e-08
1.69443e-08
-2.36604e-08
3.16837e-08
-4.11154e-08
4.61575e-08
-6.25221e-08
5.92545e-08
-8.72367e-08
7.0371e-08
-1.14575e-07
7.92456e-08
-1.43844e-07
8.58321e-08
-1.74364e-07
9.01981e-08
-2.05475e-07
9.24556e-08
-2.36543e-07
9.2719e-08
-2.66953e-07
9.10824e-08
-2.96107e-07
8.76128e-08
-3.23422e-07
8.2354e-08
-3.48327e-07
7.53383e-08
-3.70268e-07
6.66018e-08
-3.88715e-07
5.62022e-08
-4.03178e-07
4.4235e-08
-4.13216e-07
3.08487e-08
-4.18465e-07
1.62559e-08
-4.1865e-07
7.41406e-10
-4.13609e-07
-1.53409e-08
-4.03312e-07
-3.15621e-08
-3.87876e-07
-4.74383e-08
-3.6758e-07
-6.24408e-08
-3.42865e-07
-7.602e-08
-3.1434e-07
-8.76314e-08
-2.82765e-07
-9.67669e-08
-2.49035e-07
-1.02988e-07
-2.1415e-07
-1.05959e-07
-1.79176e-07
-1.05479e-07
-1.45198e-07
-1.01507e-07
-1.13264e-07
-9.4185e-08
-8.43256e-08
-8.38483e-08
-5.91819e-08
-7.10339e-08
-3.84163e-08
-5.64808e-08
-2.23459e-08
-4.11318e-08
-1.09771e-08
-2.61385e-08
-3.97627e-09
-1.28695e-08
-6.60786e-10
-2.9311e-09
1.67775e-09
-3.79364e-09
7.73471e-09
-1.43398e-08
2.74905e-08
-3.08757e-08
4.82196e-08
-5.26337e-08
6.79155e-08
-7.88227e-08
8.54434e-08
-1.08638e-07
1.00186e-07
-1.41276e-07
1.11884e-07
-1.75953e-07
1.20508e-07
-2.11906e-07
1.26151e-07
-2.48402e-07
1.28952e-07
-2.84735e-07
1.29051e-07
-3.20217e-07
1.26564e-07
-3.54178e-07
1.21574e-07
-3.85964e-07
1.14139e-07
-4.14931e-07
1.04306e-07
-4.40459e-07
9.21301e-08
-4.61955e-07
7.76982e-08
-4.78868e-07
6.11481e-08
-4.90708e-07
4.26878e-08
-4.97061e-07
2.2609e-08
-4.97616e-07
1.29686e-09
-4.92185e-07
-2.07722e-08
-4.8072e-07
-4.30274e-08
-4.63334e-07
-6.48235e-08
-4.40317e-07
-8.54579e-08
-4.12139e-07
-1.04198e-07
-3.79454e-07
-1.20317e-07
-3.4309e-07
-1.3313e-07
-3.04034e-07
-1.42045e-07
-2.63395e-07
-1.46597e-07
-2.22373e-07
-1.46501e-07
-1.82199e-07
-1.41682e-07
-1.44079e-07
-1.32305e-07
-1.09129e-07
-1.18798e-07
-7.83088e-08
-1.01854e-07
-5.23527e-08
-8.24369e-08
-3.17184e-08
-6.17661e-08
-1.65419e-08
-4.13151e-08
-6.61442e-09
-2.27969e-08
-1.3861e-09
-8.15942e-09
2.91648e-10
-4.80001e-09
1.25347e-08
-1.78248e-08
4.05152e-08
-3.78735e-08
6.82683e-08
-6.38459e-08
9.3888e-08
-9.47078e-08
1.16305e-07
-1.2948e-07
1.34959e-07
-1.67236e-07
1.4964e-07
-2.07097e-07
1.60369e-07
-2.48227e-07
1.67282e-07
-2.89832e-07
1.70557e-07
-3.31146e-07
1.70365e-07
-3.71426e-07
1.66845e-07
-4.09948e-07
1.60096e-07
-4.46e-07
1.50192e-07
-4.78887e-07
1.37192e-07
-5.07931e-07
1.21175e-07
-5.32488e-07
1.02255e-07
-5.51954e-07
8.06138e-08
-5.65787e-07
5.65213e-08
-5.73528e-07
3.03504e-08
-5.74821e-07
2.58953e-09
-5.69435e-07
-2.6158e-08
-5.57289e-07
-5.51735e-08
-5.3847e-07
-8.36427e-08
-5.13251e-07
-1.10677e-07
-4.82104e-07
-1.35345e-07
-4.45702e-07
-1.56719e-07
-4.04917e-07
-1.73915e-07
-3.60803e-07
-1.86158e-07
-3.14571e-07
-1.9283e-07
-2.67542e-07
-1.93531e-07
-2.21098e-07
-1.88125e-07
-1.76618e-07
-1.76785e-07
-1.354e-07
-1.60015e-07
-9.85916e-08
-1.38663e-07
-6.71141e-08
-1.13914e-07
-4.16021e-08
-8.72782e-08
-2.23569e-08
-6.05603e-08
-9.32486e-09
-3.58289e-08
-2.10606e-09
-1.53782e-08
-1.81442e-09
-5.74554e-09
1.82803e-08
-2.11314e-08
5.59011e-08
-4.45515e-08
9.16884e-08
-7.45837e-08
1.2392e-07
-1.09951e-07
1.51672e-07
-1.49497e-07
1.74504e-07
-1.92167e-07
1.92311e-07
-2.36992e-07
2.05194e-07
-2.83069e-07
2.13359e-07
-3.29549e-07
2.17037e-07
-3.75621e-07
2.16437e-07
-4.20502e-07
2.11725e-07
-4.63425e-07
2.03019e-07
-5.03639e-07
1.90406e-07
-5.40406e-07
1.7396e-07
-5.73007e-07
1.53775e-07
-6.00749e-07
1.29997e-07
-6.22982e-07
1.02847e-07
-6.39113e-07
7.26528e-08
-6.4863e-07
3.9867e-08
-6.51119e-07
5.07857e-09
-6.46293e-07
-3.09835e-08
-6.34015e-07
-6.74517e-08
-6.1432e-07
-1.03338e-07
-5.87437e-07
-1.37559e-07
-5.5381e-07
-1.68973e-07
-5.14104e-07
-1.96425e-07
-4.69208e-07
-2.18811e-07
-4.20228e-07
-2.35138e-07
-3.6846e-07
-2.44599e-07
-3.15349e-07
-2.46641e-07
-2.62439e-07
-2.41035e-07
-2.11296e-07
-2.27928e-07
-1.63433e-07
-2.07878e-07
-1.20222e-07
-1.81874e-07
-8.28097e-08
-1.51326e-07
-5.20495e-08
-1.18038e-07
-2.84431e-08
-8.41667e-08
-1.21164e-08
-5.21556e-08
-2.82572e-09
-2.46689e-08
-4.64014e-09
-6.62803e-09
2.49083e-08
-2.4235e-08
7.35081e-08
-5.08437e-08
1.18297e-07
-8.47305e-08
1.57807e-07
-1.24385e-07
1.91327e-07
-1.68477e-07
2.18597e-07
-2.1583e-07
2.39663e-07
-2.65386e-07
2.54749e-07
-3.16181e-07
2.64154e-07
-3.67321e-07
2.68177e-07
-4.17961e-07
2.67077e-07
-4.67288e-07
2.61052e-07
-5.14509e-07
2.5024e-07
-5.58844e-07
2.34741e-07
-5.99524e-07
2.1464e-07
-6.35796e-07
1.90048e-07
-6.66929e-07
1.6113e-07
-6.92227e-07
1.28144e-07
-7.11044e-07
9.14696e-08
-7.22805e-07
5.16285e-08
-7.2703e-07
9.30325e-09
-7.23355e-07
-3.46583e-08
-7.11563e-07
-7.92436e-08
-6.9161e-07
-1.23291e-07
-6.63652e-07
-1.65517e-07
-6.2807e-07
-2.04554e-07
-5.85492e-07
-2.39003e-07
-5.36799e-07
-2.67504e-07
-4.83125e-07
-2.88812e-07
-4.2584e-07
-3.01883e-07
-3.66515e-07
-3.05966e-07
-3.06863e-07
-3.00688e-07
-2.48665e-07
-2.86126e-07
-1.93682e-07
-2.62861e-07
-1.43554e-07
-2.32003e-07
-9.97019e-08
-1.95178e-07
-6.32409e-08
-1.54499e-07
-3.49128e-08
-1.12495e-07
-1.5048e-08
-7.20204e-08
-3.56511e-09
-3.61518e-08
-8.20525e-09
-7.44452e-09
3.23528e-08
-2.71147e-08
9.31783e-08
-5.66971e-08
1.47879e-07
-9.41907e-08
1.95301e-07
-1.37868e-07
2.35004e-07
-1.86238e-07
2.66967e-07
-2.38006e-07
2.91431e-07
-2.92033e-07
3.08777e-07
-3.47303e-07
3.19424e-07
-4.02884e-07
3.23759e-07
-4.57908e-07
3.22101e-07
-5.11543e-07
3.14687e-07
-5.62981e-07
3.01678e-07
-6.11425e-07
2.83185e-07
-6.56087e-07
2.59303e-07
-6.96189e-07
2.30149e-07
-7.30965e-07
1.95906e-07
-7.59676e-07
1.56855e-07
-7.81621e-07
1.13414e-07
-7.96157e-07
6.61643e-08
-8.0272e-07
1.58666e-08
-8.00855e-07
-3.65242e-08
-7.90238e-07
-8.98598e-08
-7.70719e-07
-1.4281e-07
-7.42348e-07
-1.93889e-07
-7.0541e-07
-2.41491e-07
-6.6046e-07
-2.83954e-07
-6.08337e-07
-3.19627e-07
-5.50181e-07
-3.46968e-07
-4.8742e-07
-3.64644e-07
-4.21743e-07
-3.71643e-07
-3.55045e-07
-3.67386e-07
-2.89347e-07
-3.51824e-07
-2.26695e-07
-3.25514e-07
-1.69046e-07
-2.89652e-07
-1.18149e-07
-2.46075e-07
-7.54358e-08
-1.97212e-07
-4.19328e-08
-1.45998e-07
-1.82071e-08
-9.57461e-08
-4.35214e-09
-5.00068e-08
-1.25574e-08
-8.19026e-09
4.05431e-08
-2.97487e-08
1.14737e-07
-6.206e-08
1.80191e-07
-1.02875e-07
2.36115e-07
-1.50268e-07
2.82398e-07
-2.02602e-07
3.19301e-07
-2.58476e-07
3.47305e-07
-3.16681e-07
3.66981e-07
-3.76152e-07
3.78895e-07
-4.35932e-07
3.83539e-07
-4.95139e-07
3.81307e-07
-5.52932e-07
3.7248e-07
-6.08499e-07
3.57245e-07
-6.6104e-07
3.35725e-07
-7.09755e-07
3.08018e-07
-7.5385e-07
2.74244e-07
-7.92532e-07
2.34588e-07
-8.25021e-07
1.89344e-07
-8.5056e-07
1.38953e-07
-8.6843e-07
8.40351e-08
-8.77977e-07
2.54134e-08
-8.78632e-07
-3.58691e-08
-8.69948e-07
-9.8544e-08
-8.51635e-07
-1.61123e-07
-8.23605e-07
-2.2192e-07
-7.8601e-07
-2.79086e-07
-7.39292e-07
-3.30672e-07
-6.84213e-07
-3.74706e-07
-6.21882e-07
-4.09299e-07
-5.53763e-07
-4.32763e-07
-4.81651e-07
-4.43755e-07
-4.07625e-07
-4.41411e-07
-3.33969e-07
-4.25481e-07
-2.63053e-07
-3.9643e-07
-1.97205e-07
-3.555e-07
-1.38564e-07
-3.04717e-07
-8.89397e-08
-2.46836e-07
-4.97018e-08
-1.85236e-07
-2.1697e-08
-1.23751e-07
-5.21852e-09
-6.64853e-08
-1.77759e-08
-8.85861e-09
4.94017e-08
-3.21115e-08
1.3799e-07
-6.68782e-08
2.14958e-07
-1.10691e-07
2.79928e-07
-1.61451e-07
3.33159e-07
-2.17392e-07
3.75241e-07
-2.77018e-07
4.06932e-07
-3.3906e-07
4.29023e-07
-4.02416e-07
4.42251e-07
-4.66113e-07
4.47237e-07
-5.29262e-07
4.44456e-07
-5.91026e-07
4.34245e-07
-6.506e-07
4.16819e-07
-7.07188e-07
3.92313e-07
-7.59993e-07
3.60824e-07
-8.08213e-07
3.22464e-07
-8.51035e-07
2.77411e-07
-8.87645e-07
2.25953e-07
-9.17228e-07
1.68537e-07
-9.38992e-07
1.05799e-07
-9.5218e-07
3.86011e-08
-9.56099e-07
-3.195e-08
-9.50156e-07
-1.04487e-07
-9.33899e-07
-1.77381e-07
-9.07064e-07
-2.48754e-07
-8.69635e-07
-3.16515e-07
-8.21895e-07
-3.78412e-07
-7.64483e-07
-4.32118e-07
-6.98436e-07
-4.75346e-07
-6.25214e-07
-5.05985e-07
-5.46696e-07
-5.22273e-07
-4.6514e-07
-5.22966e-07
-3.83105e-07
-5.07516e-07
-3.03323e-07
-4.76212e-07
-2.28548e-07
-4.30274e-07
-1.61378e-07
-3.71886e-07
-1.0408e-07
-3.04134e-07
-5.84348e-08
-2.30881e-07
-2.56288e-08
-1.56557e-07
-6.19776e-09
-8.59164e-08
-2.39737e-08
-9.44158e-09
5.88433e-08
-3.41752e-08
1.62723e-07
-7.10943e-08
2.51877e-07
-1.17544e-07
3.26378e-07
-1.7128e-07
3.86895e-07
-2.30422e-07
4.34383e-07
-2.93397e-07
4.69907e-07
-3.58884e-07
4.9451e-07
-4.25756e-07
5.09124e-07
-4.93031e-07
5.14511e-07
-5.59822e-07
5.11247e-07
-6.25308e-07
4.99731e-07
-6.88701e-07
4.80211e-07
-7.4922e-07
4.52832e-07
-8.06083e-07
4.17686e-07
-8.58489e-07
3.7487e-07
-9.05617e-07
3.24539e-07
-9.46625e-07
2.6696e-07
-9.80649e-07
2.02561e-07
-1.00682e-06
1.31972e-07
-1.02428e-06
5.60629e-08
-1.03221e-06
-2.40233e-08
-1.02985e-06
-1.06849e-07
-1.01656e-06
-1.90671e-07
-9.91874e-07
-2.73438e-07
-9.55566e-07
-3.52822e-07
-9.07716e-07
-4.26263e-07
-8.48783e-07
-4.91051e-07
-7.79679e-07
-5.4445e-07
-7.01808e-07
-5.83856e-07
-6.17094e-07
-6.06987e-07
-5.27951e-07
-6.1211e-07
-4.37212e-07
-5.98255e-07
-3.48004e-07
-5.6542e-07
-2.63561e-07
-5.14717e-07
-1.87019e-07
-4.48428e-07
-1.21188e-07
-3.69966e-07
-6.83525e-08
-2.83717e-07
-3.01177e-08
-1.94792e-07
-7.32417e-09
-1.0871e-07
-3.12978e-08
-9.93044e-09
6.87737e-08
-3.59106e-08
1.88703e-07
-7.46498e-08
2.90616e-07
-1.23341e-07
3.75069e-07
-1.79618e-07
4.43172e-07
-2.41508e-07
4.96273e-07
-3.07375e-07
5.35773e-07
-3.75857e-07
5.62992e-07
-4.45811e-07
5.79077e-07
-5.16252e-07
5.84952e-07
-5.8631e-07
5.81305e-07
-6.55185e-07
5.68606e-07
-7.22115e-07
5.47142e-07
-7.86352e-07
5.17069e-07
-8.47135e-07
4.78469e-07
-9.0368e-07
4.31415e-07
-9.55169e-07
3.76028e-07
-1.00074e-06
3.12535e-07
-1.0395e-06
2.41321e-07
-1.07051e-06
1.62981e-07
-1.09281e-06
7.83641e-08
-1.10545e-06
-1.1386e-08
-1.1075e-06
-1.04798e-07
-1.09813e-06
-2.00044e-07
-1.07663e-06
-2.94934e-07
-1.04254e-06
-3.86919e-07
-9.95666e-07
-4.73133e-07
-9.36246e-07
-5.50471e-07
-8.64991e-07
-6.15705e-07
-7.83186e-07
-6.65661e-07
-6.92734e-07
-6.97439e-07
-5.96163e-07
-7.08681e-07
-4.96567e-07
-6.97851e-07
-3.97478e-07
-6.6451e-07
-3.02663e-07
-6.09531e-07
-2.15879e-07
-5.35213e-07
-1.40583e-07
-4.45262e-07
-7.96734e-08
-3.44626e-07
-3.5279e-08
-2.39186e-07
-8.63242e-09
-1.35356e-07
-3.99303e-08
-1.03166e-08
7.90904e-08
-3.72898e-08
2.15677e-07
-7.74897e-08
3.30816e-07
-1.27992e-07
4.25572e-07
-1.86335e-07
5.01515e-07
-2.50473e-07
5.6041e-07
-3.18718e-07
6.04018e-07
-3.89681e-07
6.33956e-07
-4.62209e-07
6.51605e-07
-5.35325e-07
6.58068e-07
-6.08179e-07
6.5416e-07
-6.80005e-07
6.40432e-07
-7.50079e-07
6.17216e-07
-8.17691e-07
5.8468e-07
-8.82119e-07
5.42897e-07
-9.4261e-07
4.91907e-07
-9.98364e-07
4.31782e-07
-1.04852e-06
3.62693e-07
-1.09216e-06
2.8496e-07
-1.1283e-06
1.99115e-07
-1.15588e-06
1.05952e-07
-1.17385e-06
6.57522e-09
-1.18109e-06
-9.75495e-08
-1.17658e-06
-2.04556e-07
-1.15937e-06
-3.1215e-07
-1.12868e-06
-4.176e-07
-1.08406e-06
-5.17755e-07
-1.02542e-06
-6.0911e-07
-9.53209e-07
-6.87919e-07
-8.68496e-07
-7.50373e-07
-7.73087e-07
-7.92849e-07
-6.69549e-07
-8.12218e-07
-5.61192e-07
-8.06207e-07
-4.51949e-07
-7.73753e-07
-3.46163e-07
-7.15317e-07
-2.4829e-07
-6.33085e-07
-1.62556e-07
-5.30996e-07
-9.26069e-08
-4.14575e-07
-4.12265e-08
-2.90567e-07
-1.01574e-08
-1.66426e-07
-5.00876e-08
-1.05928e-08
8.96831e-08
-3.82889e-08
2.43373e-07
-7.95666e-08
3.72093e-07
-1.3142e-07
4.77425e-07
-1.91317e-07
5.61412e-07
-2.57156e-07
6.26249e-07
-3.27213e-07
6.74075e-07
-4.00077e-07
7.0682e-07
-4.74593e-07
7.2612e-07
-5.49799e-07
7.33274e-07
-6.24875e-07
7.29236e-07
-6.99093e-07
7.1465e-07
-7.71779e-07
6.89901e-07
-8.42273e-07
6.55175e-07
-9.09907e-07
6.10531e-07
-9.73973e-07
5.55972e-07
-1.03371e-06
4.91516e-07
-1.08827e-06
4.17256e-07
-1.13674e-06
3.3343e-07
-1.1781e-06
2.40477e-07
-1.21125e-06
1.39101e-07
-1.235e-06
3.03277e-08
-1.24812e-06
-8.44296e-08
-1.24936e-06
-2.03317e-07
-1.23752e-06
-3.23991e-07
-1.21153e-06
-4.43585e-07
-1.17059e-06
-5.58704e-07
-1.11423e-06
-6.65466e-07
-1.04255e-06
-7.59598e-07
-9.56317e-07
-8.36608e-07
-8.57116e-07
-8.9205e-07
-7.47455e-07
-9.21879e-07
-6.30779e-07
-9.22882e-07
-5.11387e-07
-8.93145e-07
-3.94214e-07
-8.32491e-07
-2.84498e-07
-7.42802e-07
-1.87357e-07
-6.28136e-07
-1.07346e-07
-4.94587e-07
-4.80703e-08
-3.49842e-07
-1.19339e-08
-2.02562e-07
-6.20215e-08
-1.07535e-08
1.00437e-07
-3.88914e-08
2.71511e-07
-8.08478e-08
4.1405e-07
-1.33569e-07
5.30147e-07
-1.94478e-07
6.2232e-07
-2.61432e-07
6.93204e-07
-3.3268e-07
7.45322e-07
-4.06799e-07
7.80939e-07
-4.82637e-07
8.01958e-07
-5.59253e-07
8.0989e-07
-6.35861e-07
8.05844e-07
-7.11782e-07
7.90571e-07
-7.86398e-07
7.64517e-07
-8.59114e-07
7.27891e-07
-9.29326e-07
6.80743e-07
-9.96389e-07
6.23036e-07
-1.0596e-06
5.54724e-07
-1.11816e-06
4.75816e-07
-1.17117e-06
3.86444e-07
-1.21763e-06
2.86932e-07
-1.25639e-06
1.77859e-07
-1.28619e-06
6.01342e-08
-1.30569e-06
-6.49341e-08
-1.31344e-06
-1.95562e-07
-1.30801e-06
-3.2942e-07
-1.28803e-06
-4.63573e-07
-1.25228e-06
-5.94447e-07
-1.19992e-06
-7.17831e-07
-1.13057e-06
-8.28945e-07
-1.04458e-06
-9.22595e-07
-9.43198e-07
-9.93436e-07
-8.2872e-07
-1.03636e-06
-7.04612e-07
-1.04699e-06
-5.75457e-07
-1.0223e-06
-4.46767e-07
-9.6118e-07
-3.24624e-07
-8.64945e-07
-2.15173e-07
-7.37588e-07
-1.2406e-07
-5.857e-07
-5.59144e-08
-4.17987e-07
-1.39966e-08
-2.4448e-07
-7.60181e-08
-1.0797e-08
1.11234e-07
-3.90918e-08
2.99805e-07
-8.13212e-08
4.56279e-07
-1.34416e-07
5.83242e-07
-1.95773e-07
6.83677e-07
-2.63224e-07
7.60655e-07
-3.34997e-07
8.17096e-07
-4.09663e-07
8.55605e-07
-4.86079e-07
8.78374e-07
-5.63327e-07
8.87138e-07
-6.40662e-07
8.83179e-07
-7.17459e-07
8.67368e-07
-7.93166e-07
8.40224e-07
-8.67263e-07
8.01988e-07
-9.39225e-07
7.52705e-07
-1.00849e-06
6.92302e-07
-1.07443e-06
6.20665e-07
-1.13632e-06
5.37708e-07
-1.19333e-06
4.43448e-07
-1.24447e-06
3.3807e-07
-1.28861e-06
2.22002e-07
-1.32447e-06
9.59949e-08
-1.35061e-06
-3.87963e-08
-1.36545e-06
-1.8072e-07
-1.36733e-06
-3.27534e-07
-1.35459e-06
-4.76322e-07
-1.32562e-06
-6.23412e-07
-1.2791e-06
-7.64347e-07
-1.21415e-06
-8.93899e-07
-1.13056e-06
-1.00619e-06
-1.02906e-06
-1.09493e-06
-9.11603e-07
-1.15382e-06
-7.81486e-07
-1.17711e-06
-6.43446e-07
-1.16034e-06
-5.0351e-07
-1.10112e-06
-3.68631e-07
-9.99824e-07
-2.46107e-07
-8.60111e-07
-1.42881e-07
-6.88926e-07
-6.48533e-08
-4.96015e-07
-1.638e-08
-2.92953e-07
-9.23982e-08
-1.07259e-08
1.2196e-07
-3.88996e-08
3.27979e-07
-8.10036e-08
4.98383e-07
-1.3398e-07
6.36218e-07
-1.95214e-07
7.44911e-07
-2.62523e-07
8.27963e-07
-3.3412e-07
8.88692e-07
-4.08572e-07
9.30057e-07
-4.84747e-07
9.54549e-07
-5.61756e-07
9.64147e-07
-6.38899e-07
9.60322e-07
-7.15611e-07
9.4408e-07
-7.91413e-07
9.16026e-07
-8.65871e-07
8.76446e-07
-9.38555e-07
8.25389e-07
-1.009e-06
7.62749e-07
-1.07668e-06
6.88346e-07
-1.14098e-06
6.02e-07
-1.20113e-06
5.03599e-07
-1.25624e-06
3.93179e-07
-1.30523e-06
2.70994e-07
-1.34683e-06
1.376e-07
-1.37958e-06
-6.0481e-09
-1.40181e-06
-1.58491e-07
-1.41169e-06
-3.17658e-07
-1.40727e-06
-4.80742e-07
-1.38659e-06
-6.44087e-07
-1.34784e-06
-8.03098e-07
-1.28954e-06
-9.52204e-07
-1.21082e-06
-1.08491e-06
-1.11176e-06
-1.19399e-06
-9.93722e-07
-1.27185e-06
-8.59638e-07
-1.31119e-06
-7.14197e-07
-1.30578e-06
-5.63808e-07
-1.2515e-06
-4.16274e-07
-1.14736e-06
-2.80152e-07
-9.96234e-07
-1.63897e-07
-8.05181e-07
-7.49682e-08
-5.84945e-07
-1.91173e-08
-3.48804e-07
-1.11515e-07
-1.05485e-08
1.32508e-07
-3.83435e-08
3.55774e-07
-7.99479e-08
5.39988e-07
-1.32333e-07
6.88603e-07
-1.92885e-07
8.05463e-07
-2.59408e-07
8.94486e-07
-3.30104e-07
9.59388e-07
-4.03538e-07
1.00349e-06
-4.78591e-07
1.0296e-06
-5.54407e-07
1.03996e-06
-6.30333e-07
1.03625e-06
-7.05871e-07
1.01962e-06
-7.80625e-07
9.9078e-07
-8.54256e-07
9.50078e-07
-9.26441e-07
8.97574e-07
-9.96833e-07
8.33141e-07
-1.06503e-06
7.56539e-07
-1.13052e-06
6.67494e-07
-1.19269e-06
5.65769e-07
-1.25075e-06
4.51239e-07
-1.30372e-06
3.23968e-07
-1.35042e-06
1.84294e-07
-1.3894e-06
3.29311e-08
-1.41897e-06
-1.28916e-07
-1.43721e-06
-2.99424e-07
-1.44195e-06
-4.76001e-07
-1.4309e-06
-6.55131e-07
-1.40177e-06
-8.32228e-07
-1.35246e-06
-1.00152e-06
-1.28134e-06
-1.15602e-06
-1.18768e-06
-1.28764e-06
-1.07204e-06
-1.3875e-06
-9.36698e-07
-1.44653e-06
-7.86041e-07
-1.45644e-06
-6.26643e-07
-1.4109e-06
-4.67057e-07
-1.30694e-06
-3.17158e-07
-1.14613e-06
-1.87132e-07
-9.35206e-07
-8.63216e-08
-6.85755e-07
-2.22399e-08
-4.12886e-07
-1.33755e-07
-1.02805e-08
1.42789e-07
-3.74757e-08
3.82969e-07
-7.82521e-08
5.80764e-07
-1.29618e-07
7.39969e-07
-1.8896e-07
8.64805e-07
-2.54067e-07
9.59593e-07
-3.2313e-07
1.02845e-06
-3.94712e-07
1.07507e-06
-4.67712e-07
1.1026e-06
-5.41307e-07
1.11356e-06
-6.14899e-07
1.10984e-06
-6.88064e-07
1.09278e-06
-7.60496e-07
1.06321e-06
-8.31962e-07
1.02154e-06
-9.02258e-07
9.67869e-07
-9.71167e-07
9.02051e-07
-1.03843e-06
8.23799e-07
-1.10369e-06
7.32755e-07
-1.16648e-06
6.2856e-07
-1.22617e-06
5.10929e-07
-1.28193e-06
3.7973e-07
-1.3327e-06
2.35067e-07
-1.37716e-06
7.7382e-08
-1.41365e-06
-9.24253e-08
-1.44022e-06
-2.72852e-07
-1.45459e-06
-4.61626e-07
-1.45422e-06
-6.55508e-07
-1.43636e-06
-8.50085e-07
-1.3983e-06
-1.03958e-06
-1.33763e-06
-1.21669e-06
-1.25265e-06
-1.37263e-06
-1.14287e-06
-1.49727e-06
-1.00967e-06
-1.57974e-06
-8.56751e-07
-1.60936e-06
-6.90554e-07
-1.5771e-06
-5.20179e-07
-1.47732e-06
-3.56801e-07
-1.30951e-06
-2.1253e-07
-1.07948e-06
-9.89506e-08
-7.99335e-07
-2.57761e-08
-4.8606e-07
-1.59531e-07
-9.94571e-09
1.52734e-07
-3.6377e-08
4.094e-07
-7.60682e-08
6.20455e-07
-1.26055e-07
7.89956e-07
-1.83714e-07
9.22464e-07
-2.46812e-07
1.02269e-06
-3.13522e-07
1.09516e-06
-3.82408e-07
1.14396e-06
-4.52386e-07
1.17258e-06
-5.22676e-07
1.18385e-06
-5.92744e-07
1.17991e-06
-6.62245e-07
1.16228e-06
-7.30974e-07
1.13194e-06
-7.98813e-07
1.08938e-06
-8.65689e-07
1.03475e-06
-9.31533e-07
9.67894e-07
-9.96238e-07
8.88505e-07
-1.05963e-06
7.96144e-07
-1.12141e-06
6.90343e-07
-1.18115e-06
5.70666e-07
-1.2382e-06
4.36787e-07
-1.29171e-06
2.88569e-07
-1.34049e-06
1.26164e-07
-1.38304e-06
-4.98698e-08
-1.41749e-06
-2.38406e-07
-1.44152e-06
-4.37595e-07
-1.45242e-06
-6.44604e-07
-1.44714e-06
-8.55374e-07
-1.42238e-06
-1.06433e-06
-1.37493e-06
-1.26414e-06
-1.30203e-06
-1.44552e-06
-1.20201e-06
-1.5973e-06
-1.07495e-06
-1.7068e-06
-9.23523e-07
-1.76078e-06
-7.53597e-07
-1.74702e-06
-5.7449e-07
-1.65643e-06
-3.98546e-07
-1.48545e-06
-2.39933e-07
-1.23809e-06
-1.1286e-07
-9.26408e-07
-2.97504e-08
-5.6917e-07
-1.89282e-07
-9.57878e-09
1.62313e-07
-3.51628e-08
4.34984e-07
-7.36134e-08
6.58906e-07
-1.21963e-07
8.38306e-07
-1.77552e-07
9.78052e-07
-2.38105e-07
1.08324e-06
-3.01772e-07
1.15883e-06
-3.67117e-07
1.20931e-06
-4.33085e-07
1.23855e-06
-4.98946e-07
1.24971e-06
-5.64239e-07
1.2452e-06
-6.28716e-07
1.22676e-06
-6.9228e-07
1.19551e-06
-7.54942e-07
1.15204e-06
-8.16771e-07
1.09657e-06
-8.77853e-07
1.02898e-06
-9.38256e-07
9.48907e-07
-9.97987e-07
8.55876e-07
-1.05696e-06
7.49317e-07
-1.11496e-06
6.2866e-07
-1.17156e-06
4.93394e-07
-1.22614e-06
3.43149e-07
-1.27776e-06
1.77784e-07
-1.32512e-06
-2.51561e-09
-1.3665e-06
-1.97018e-07
-1.39971e-06
-4.04394e-07
-1.42198e-06
-6.22332e-07
-1.43005e-06
-8.47304e-07
-1.42019e-06
-1.07419e-06
-1.38845e-06
-1.29588e-06
-1.33102e-06
-1.50296e-06
-1.24482e-06
-1.68349e-06
-1.12842e-06
-1.82319e-06
-9.82993e-07
-1.90621e-06
-8.13318e-07
-1.9167e-06
-6.28451e-07
-1.84129e-06
-4.41615e-07
-1.67229e-06
-2.69069e-07
-1.41063e-06
-1.28016e-07
-1.06746e-06
-3.41813e-08
-6.63004e-07
-2.23463e-07
-9.22684e-09
1.7154e-07
-3.39905e-08
4.59748e-07
-7.11828e-08
6.96098e-07
-1.17773e-07
8.84896e-07
-1.71015e-07
1.03129e-06
-2.2857e-07
1.1408e-06
-2.88552e-07
1.21881e-06
-3.4953e-07
1.27028e-06
-4.10488e-07
1.29951e-06
-4.70766e-07
1.30999e-06
-5.29996e-07
1.30443e-06
-5.88038e-07
1.2848e-06
-6.44925e-07
1.25239e-06
-7.00805e-07
1.20792e-06
-7.559e-07
1.15167e-06
-8.10464e-07
1.08354e-06
-8.64745e-07
1.00319e-06
-9.1895e-07
9.10081e-07
-9.73208e-07
8.03575e-07
-1.02753e-06
6.82981e-07
-1.08176e-06
5.47626e-07
-1.13553e-06
3.9692e-07
-1.18819e-06
2.30439e-07
-1.23872e-06
4.80198e-08
-1.28566e-06
-1.50082e-07
-1.32701e-06
-3.63047e-07
-1.36014e-06
-5.89202e-07
-1.38173e-06
-8.25708e-07
-1.38779e-06
-1.06813e-06
-1.37376e-06
-1.30992e-06
-1.33482e-06
-1.5419e-06
-1.26651e-06
-1.75181e-06
-1.16558e-06
-1.92411e-06
-1.0313e-06
-2.04049e-06
-8.66764e-07
-2.08124e-06
-6.8011e-07
-2.02795e-06
-4.84957e-07
-1.86744e-06
-2.99528e-07
-1.59606e-06
-1.44338e-07
-1.22265e-06
-3.90817e-08
-7.68261e-07
-2.62545e-07
-8.95318e-09
1.80493e-07
-3.30701e-08
4.83865e-07
-6.91671e-08
7.32195e-07
-1.14049e-07
9.29778e-07
-1.64814e-07
1.08206e-06
-2.19017e-07
1.195e-06
-2.7473e-07
1.27452e-06
-3.30537e-07
1.32609e-06
-3.85482e-07
1.35445e-06
-4.39003e-07
1.36351e-06
-4.90849e-07
1.35628e-06
-5.41017e-07
1.33497e-06
-5.89683e-07
1.30106e-06
-6.37152e-07
1.25539e-06
-6.83809e-07
1.19833e-06
-7.30084e-07
1.12982e-06
-7.76411e-07
1.04951e-06
-8.23199e-07
9.56869e-07
-8.70798e-07
8.51174e-07
-9.1946e-07
7.31643e-07
-9.69296e-07
5.97462e-07
-1.02023e-06
4.4785e-07
-1.07191e-06
2.82121e-07
-1.12366e-06
9.97747e-08
-1.17436e-06
-9.93833e-08
-1.22233e-06
-3.15081e-07
-1.26519e-06
-5.46338e-07
-1.29978e-06
-7.91119e-07
-1.32203e-06
-1.04588e-06
-1.32699e-06
-1.30496e-06
-1.30903e-06
-1.55986e-06
-1.26233e-06
-1.79851e-06
-1.18174e-06
-2.0047e-06
-1.06421e-06
-2.15802e-06
-9.10517e-07
-2.23493e-06
-7.27096e-07
-2.21137e-06
-5.27231e-07
-2.06731e-06
-3.30752e-07
-1.79254e-06
-1.61702e-07
-1.3917e-06
-4.44588e-08
-8.85504e-07
-3.07004e-07
-8.84258e-09
1.89336e-07
-3.26794e-08
5.07702e-07
-6.80761e-08
7.67592e-07
-1.11518e-07
9.7322e-07
-1.59844e-07
1.13039e-06
-2.10456e-07
1.24561e-06
-2.61377e-07
1.32544e-06
-3.11226e-07
1.37594e-06
-3.59146e-07
1.40237e-06
-4.04709e-07
1.40907e-06
-4.47823e-07
1.39939e-06
-4.88651e-07
1.3758e-06
-5.27542e-07
1.33995e-06
-5.64972e-07
1.29282e-06
-6.01504e-07
1.23486e-06
-6.37745e-07
1.16606e-06
-6.74321e-07
1.08609e-06
-7.11839e-07
9.94387e-07
-7.50867e-07
8.90201e-07
-7.91894e-07
7.7267e-07
-8.35296e-07
6.40865e-07
-8.81286e-07
4.9384e-07
-9.29853e-07
3.30687e-07
-9.80678e-07
1.506e-07
-1.03303e-06
-4.7032e-08
-1.08564e-06
-2.62472e-07
-1.13654e-06
-4.95441e-07
-1.18288e-06
-7.4478e-07
-1.22077e-06
-1.00799e-06
-1.24515e-06
-1.28057e-06
-1.24985e-06
-1.55516e-06
-1.22788e-06
-1.82049e-06
-1.17222e-06
-2.06037e-06
-1.07723e-06
-2.25301e-06
-9.40763e-07
-2.3714e-06
-7.66629e-07
-2.3855e-06
-5.66793e-07
-2.26715e-06
-3.6203e-07
-1.99731e-06
-1.79935e-07
-1.5738e-06
-5.03175e-08
-1.01512e-06
-3.57321e-07
-9.00979e-09
1.98345e-07
-3.31874e-08
5.3188e-07
-6.8572e-08
8.02976e-07
-1.11101e-07
1.01575e-06
-1.57218e-07
1.1765e-06
-2.04111e-07
1.29251e-06
-2.4976e-07
1.37109e-06
-2.92861e-07
1.41904e-06
-3.32709e-07
1.44222e-06
-3.69071e-07
1.44543e-06
-4.02063e-07
1.43238e-06
-4.32058e-07
1.40579e-06
-4.59607e-07
1.3675e-06
-4.85383e-07
1.3186e-06
-5.10135e-07
1.25961e-06
-5.34654e-07
1.19058e-06
-5.59751e-07
1.11119e-06
-5.86227e-07
1.02086e-06
-6.14854e-07
9.18828e-07
-6.46347e-07
8.04163e-07
-6.81333e-07
6.7585e-07
-7.20308e-07
5.32816e-07
-7.63587e-07
3.73966e-07
-8.11224e-07
1.98237e-07
-8.62911e-07
4.65461e-09
-9.17858e-07
-2.07524e-07
-9.74599e-07
-4.38699e-07
-1.03079e-06
-6.88588e-07
-1.08296e-06
-9.55822e-07
-1.12626e-06
-1.23727e-06
-1.15431e-06
-1.5271e-06
-1.15932e-06
-1.81548e-06
-1.13257e-06
-2.08711e-06
-1.0658e-06
-2.31979e-06
-9.53382e-07
-2.48381e-06
-7.95544e-07
-2.54334e-06
-6.01689e-07
-2.461e-06
-3.92495e-07
-2.2065e-06
-1.98832e-07
-1.76746e-06
-5.66672e-08
-1.15729e-06
-4.13988e-07
-9.61347e-09
2.07959e-07
-3.50889e-08
5.57355e-07
-7.15165e-08
8.39404e-07
-1.1396e-07
1.05819e-06
-1.58287e-07
1.22083e-06
-2.0142e-07
1.33564e-06
-2.41319e-07
1.41099e-06
-2.76825e-07
1.45455e-06
-3.07473e-07
1.47287e-06
-3.33302e-07
1.47126e-06
-3.54708e-07
1.45379e-06
-3.72326e-07
1.42341e-06
-3.86947e-07
1.38212e-06
-3.9946e-07
1.33111e-06
-4.10814e-07
1.27096e-06
-4.21986e-07
1.20175e-06
-4.33964e-07
1.12316e-06
-4.47729e-07
1.03463e-06
-4.64241e-07
9.35341e-07
-4.84418e-07
8.2434e-07
-5.09114e-07
7.00546e-07
-5.39088e-07
5.62789e-07
-5.74958e-07
4.09836e-07
-6.1714e-07
2.40419e-07
-6.65766e-07
5.328e-08
-7.20536e-07
-1.52754e-07
-7.80578e-07
-3.78658e-07
-8.44185e-07
-6.24981e-07
-9.08527e-07
-8.9148e-07
-9.69288e-07
-1.17651e-06
-1.02033e-06
-1.47606e-06
-1.05348e-06
-1.78233e-06
-1.05876e-06
-2.08182e-06
-1.0254e-06
-2.35315e-06
-9.44024e-07
-2.56519e-06
-8.10312e-07
-2.67705e-06
-6.29652e-07
-2.64166e-06
-4.2113e-07
-2.41502e-06
-2.18175e-07
-1.97041e-06
-6.35365e-08
-1.31192e-06
-4.77525e-07
-1.08791e-08
2.18838e-07
-3.90581e-08
5.85534e-07
-7.80344e-08
8.7838e-07
-1.21544e-07
1.1017e-06
-1.64661e-07
1.26395e-06
-2.04005e-07
1.37498e-06
-2.37586e-07
1.44457e-06
-2.64506e-07
1.48147e-06
-2.84658e-07
1.49302e-06
-2.98465e-07
1.48507e-06
-3.06688e-07
1.46201e-06
-3.10287e-07
1.42701e-06
-3.10335e-07
1.38217e-06
-3.07962e-07
1.32874e-06
-3.04321e-07
1.26732e-06
-3.00574e-07
1.198e-06
-2.97876e-07
1.12047e-06
-2.97369e-07
1.03412e-06
-3.00177e-07
9.38148e-07
-3.07392e-07
8.31555e-07
-3.20067e-07
7.13221e-07
-3.39188e-07
5.81911e-07
-3.65649e-07
4.36297e-07
-4.00201e-07
2.7497e-07
-4.43381e-07
9.64607e-08
-4.95407e-07
-1.00728e-07
-5.56019e-07
-3.18046e-07
-6.24244e-07
-5.56755e-07
-6.98074e-07
-8.17651e-07
-7.74023e-07
-1.10056e-06
-8.46617e-07
-1.40347e-06
-9.07896e-07
-1.72105e-06
-9.47195e-07
-2.04252e-06
-9.51665e-07
-2.34868e-06
-9.08147e-07
-2.60871e-06
-8.07025e-07
-2.77817e-06
-6.4806e-07
-2.80063e-06
-4.46754e-07
-2.61633e-06
-2.37762e-07
-2.17941e-06
-7.09998e-08
-1.47869e-06
-5.48525e-07
-1.31374e-08
2.31975e-07
-4.60275e-08
6.18424e-07
-8.95962e-08
9.21949e-07
-1.35634e-07
1.14774e-06
-1.78184e-07
1.3065e-06
-2.13581e-07
1.41038e-06
-2.40027e-07
1.47102e-06
-2.57067e-07
1.49851e-06
-2.65126e-07
1.50108e-06
-2.6515e-07
1.48509e-06
-2.5837e-07
1.45523e-06
-2.46139e-07
1.41478e-06
-2.29856e-07
1.36588e-06
-2.10908e-07
1.30979e-06
-1.90662e-07
1.24708e-06
-1.70452e-07
1.17779e-06
-1.51582e-07
1.1016e-06
-1.35335e-07
1.01787e-06
-1.22967e-07
9.2578e-07
-1.15715e-07
8.24304e-07
-1.14793e-07
7.12299e-07
-1.2138e-07
5.88497e-07
-1.36602e-07
4.51519e-07
-1.61506e-07
2.99874e-07
-1.97005e-07
1.3196e-07
-2.43799e-07
-5.39342e-08
-3.02241e-07
-2.59604e-07
-3.72133e-07
-4.86862e-07
-4.52404e-07
-7.3738e-07
-5.40638e-07
-1.01233e-06
-6.32435e-07
-1.31167e-06
-7.20644e-07
-1.63284e-06
-7.94664e-07
-1.9685e-06
-8.40304e-07
-2.30304e-06
-8.40979e-07
-2.60804e-06
-7.81315e-07
-2.83784e-06
-6.53844e-07
-2.9281e-06
-4.6799e-07
-2.80218e-06
-2.57453e-07
-2.38994e-06
-7.92249e-08
-1.65691e-06
-6.2775e-07
-1.68881e-08
2.48864e-07
-5.7304e-08
6.5884e-07
-1.08111e-07
9.72756e-07
-1.58347e-07
1.19798e-06
-2.0082e-07
1.34897e-06
-2.31715e-07
1.44128e-06
-2.4969e-07
1.48899e-06
-2.55012e-07
1.50383e-06
-2.48872e-07
1.49494e-06
-2.32914e-07
1.46913e-06
-2.08953e-07
1.43127e-06
-1.78811e-07
1.38464e-06
-1.44244e-07
1.33132e-06
-1.06914e-07
1.27246e-06
-6.83901e-08
1.20855e-06
-3.01647e-08
1.13957e-06
6.33128e-09
1.0651e-06
3.97122e-08
9.84494e-07
6.86147e-08
8.96877e-07
9.16943e-08
8.01224e-07
1.07615e-07
6.96379e-07
1.15046e-07
5.81066e-07
1.12668e-07
4.53897e-07
9.91872e-08
3.13355e-07
7.33608e-08
1.57786e-07
3.40552e-08
-1.46286e-08
-1.96598e-08
-2.05889e-07
-8.83448e-08
-4.18177e-07
-1.71913e-07
-6.53812e-07
-2.69172e-07
-9.15068e-07
-3.77126e-07
-1.20371e-06
-4.9001e-07
-1.51996e-06
-5.9814e-07
-1.86037e-06
-6.86985e-07
-2.21419e-06
-7.37354e-07
-2.55767e-06
-7.28145e-07
-2.84705e-06
-6.43275e-07
-3.01297e-06
-4.83138e-07
-2.96232e-06
-2.772e-07
-2.59588e-06
-8.85547e-08
-1.84556e-06
-7.16304e-07
-2.29097e-08
2.71773e-07
-7.47299e-08
7.1066e-07
-1.36e-07
1.03403e-06
-1.92027e-07
1.254e-06
-2.34327e-07
1.39127e-06
-2.59293e-07
1.46624e-06
-2.66504e-07
1.4962e-06
-2.57353e-07
1.49468e-06
-2.341e-07
1.47169e-06
-1.99292e-07
1.43433e-06
-1.55449e-07
1.38743e-06
-1.04921e-07
1.33411e-06
-4.98427e-08
1.27624e-06
7.85616e-09
1.21476e-06
6.64229e-08
1.14999e-06
1.24238e-07
1.08175e-06
1.79781e-07
1.00956e-06
2.3159e-07
9.32684e-07
2.78244e-07
8.50224e-07
3.18327e-07
7.61141e-07
3.5042e-07
6.64285e-07
3.73083e-07
5.58403e-07
3.8485e-07
4.4213e-07
3.84225e-07
3.13981e-07
3.69693e-07
1.72319e-07
3.39745e-07
1.53192e-08
2.92939e-07
-1.59083e-07
2.28011e-07
-3.5325e-07
1.44096e-07
-5.69896e-07
4.11141e-08
-8.12086e-07
-7.95587e-08
-1.08304e-06
-2.14029e-07
-1.38549e-06
-3.54389e-07
-1.72001e-06
-4.86999e-07
-2.08158e-06
-5.91378e-07
-2.45329e-06
-6.41419e-07
-2.79701e-06
-6.11533e-07
-3.04285e-06
-4.89881e-07
-3.08397e-06
-2.97042e-07
-2.78872e-06
-9.96389e-08
-2.04296e-06
-8.15943e-07
-3.24473e-08
3.04221e-07
-1.00889e-07
7.79102e-07
-1.76161e-07
1.1093e-06
-2.38827e-07
1.31667e-06
-2.79448e-07
1.43189e-06
-2.95394e-07
1.48219e-06
-2.87906e-07
1.48872e-06
-2.60071e-07
1.46684e-06
-2.15588e-07
1.4272e-06
-1.58118e-07
1.37686e-06
-9.09869e-08
1.3203e-06
-1.71014e-08
1.26023e-06
6.10365e-08
1.1981e-06
1.41266e-07
1.13453e-06
2.21696e-07
1.06956e-06
3.0063e-07
1.00282e-06
3.76508e-07
9.33681e-07
4.47849e-07
8.61344e-07
5.13211e-07
7.84862e-07
5.71157e-07
7.03194e-07
6.2023e-07
6.15213e-07
6.58922e-07
5.1971e-07
6.85668e-07
4.15384e-07
6.98822e-07
3.00826e-07
6.96655e-07
1.74486e-07
6.77353e-07
3.4621e-08
6.39046e-07
-1.20776e-07
5.79863e-07
-2.94067e-07
4.98075e-07
-4.88109e-07
3.92385e-07
-7.06396e-07
2.62486e-07
-9.53143e-07
1.10076e-07
-1.23308e-06
-5.94827e-08
-1.55046e-06
-2.34801e-07
-1.90626e-06
-3.95912e-07
-2.29218e-06
-5.13307e-07
-2.67961e-06
-5.51934e-07
-3.00423e-06
-4.8465e-07
-3.15126e-06
-3.16916e-07
-2.95646e-06
-1.13624e-07
-2.24625e-06
-9.29567e-07
-4.75337e-08
3.51754e-07
-1.39305e-07
8.70873e-07
-2.31571e-07
1.20156e-06
-2.99578e-07
1.38467e-06
-3.34129e-07
1.46644e-06
-3.35009e-07
1.48307e-06
-3.06254e-07
1.45996e-06
-2.5337e-07
1.41396e-06
-1.81891e-07
1.35572e-06
-9.67587e-08
1.29172e-06
-2.14032e-09
1.22568e-06
9.85447e-08
1.15954e-06
2.02501e-07
1.09414e-06
3.07426e-07
1.02961e-06
4.1138e-07
9.65604e-07
5.12675e-07
9.01521e-07
6.09785e-07
8.3657e-07
7.01278e-07
7.69851e-07
7.85756e-07
7.00384e-07
8.61816e-07
6.27134e-07
9.28012e-07
5.49018e-07
9.82824e-07
4.64897e-07
1.02464e-06
3.73571e-07
1.05171e-06
2.73751e-07
1.06217e-06
1.64027e-07
1.05398e-06
4.28175e-08
1.02492e-06
-9.17225e-08
9.72656e-07
-2.41801e-07
8.94732e-07
-4.10184e-07
7.88779e-07
-6.00443e-07
6.52896e-07
-8.1726e-07
4.86468e-07
-1.06665e-06
2.91757e-07
-1.35575e-06
7.66004e-08
-1.69111e-06
-1.41802e-07
-2.07378e-06
-3.33208e-07
-2.48821e-06
-4.54595e-07
-2.88284e-06
-4.61322e-07
-3.14453e-06
-3.36048e-07
-3.08173e-06
-1.32351e-07
-2.44995e-06
-1.06192e-06
-7.15234e-08
4.23278e-07
-1.94405e-07
9.93755e-07
-3.03901e-07
1.31106e-06
-3.7101e-07
1.45178e-06
-3.89695e-07
1.48513e-06
-3.64609e-07
1.45798e-06
-3.0413e-07
1.39948e-06
-2.16978e-07
1.32681e-06
-1.10817e-07
1.24956e-06
8.12141e-09
1.17279e-06
1.34963e-07
1.09884e-06
2.65954e-07
1.02855e-06
3.98204e-07
9.61894e-07
5.29448e-07
8.98365e-07
6.57854e-07
8.37198e-07
7.81877e-07
7.77498e-07
9.00141e-07
7.18306e-07
1.01136e-06
6.58635e-07
1.11425e-06
5.97487e-07
1.20753e-06
5.33854e-07
1.28983e-06
4.66723e-07
1.35967e-06
3.95057e-07
1.41545e-06
3.17789e-07
1.45541e-06
2.33791e-07
1.47759e-06
1.41844e-07
1.47982e-06
4.05872e-08
1.45968e-06
-7.15822e-08
1.41448e-06
-1.96592e-07
1.34121e-06
-3.36923e-07
1.23668e-06
-4.95913e-07
1.09762e-06
-6.78191e-07
9.21209e-07
-8.90246e-07
7.06377e-07
-1.14091e-06
4.56315e-07
-1.44105e-06
1.83076e-07
-1.80054e-06
-8.6152e-08
-2.21898e-06
-3.042e-07
-2.66479e-06
-4.0872e-07
-3.04001e-06
-3.51269e-07
-3.13918e-06
-1.58312e-07
-2.64291e-06
-1.22023e-06
-1.09827e-07
5.33105e-07
-2.70426e-07
1.15435e-06
-3.8942e-07
1.43005e-06
-4.39243e-07
1.50161e-06
-4.23e-07
1.46888e-06
-3.53866e-07
1.38885e-06
-2.46291e-07
1.29191e-06
-1.1272e-07
1.19324e-06
3.71826e-08
1.09966e-06
1.96294e-07
1.01367e-06
3.59497e-07
9.35633e-07
5.23151e-07
8.64895e-07
6.84649e-07
8.00397e-07
8.42076e-07
7.40939e-07
9.93961e-07
6.85313e-07
1.1391e-06
6.32358e-07
1.27643e-06
5.80977e-07
1.40493e-06
5.30137e-07
1.52356e-06
4.78856e-07
1.63122e-06
4.26196e-07
1.72669e-06
3.71248e-07
1.80864e-06
3.13114e-07
1.87553e-06
2.50893e-07
1.92567e-06
1.83655e-07
1.9571e-06
1.1041e-07
1.96762e-06
3.00652e-08
1.95473e-06
-5.86921e-08
1.91555e-06
-1.57408e-07
1.84676e-06
-2.68138e-07
1.74459e-06
-3.93735e-07
1.60473e-06
-5.38329e-07
1.42255e-06
-7.08073e-07
1.19378e-06
-9.12144e-07
9.16403e-07
-1.16367e-06
5.95064e-07
-1.4792e-06
2.49188e-07
-1.8731e-06
-7.62651e-08
-2.33934e-06
-3.05839e-07
-2.81044e-06
-3.52823e-07
-3.0922e-06
-1.93349e-07
-2.80238e-06
-1.41358e-06
-1.69973e-07
7.03078e-07
-3.66143e-07
1.35052e-06
-4.6768e-07
1.53159e-06
-4.651e-07
1.49903e-06
-3.81026e-07
1.38481e-06
-2.41297e-07
1.24912e-06
-6.72255e-08
1.11784e-06
1.2573e-07
1.00028e-06
3.27109e-07
8.98281e-07
5.30109e-07
8.10675e-07
7.30404e-07
7.35337e-07
9.25283e-07
6.70016e-07
1.11304e-06
6.12639e-07
1.29258e-06
5.61403e-07
1.46312e-06
5.14767e-07
1.62407e-06
4.71413e-07
1.77484e-06
4.30203e-07
1.91484e-06
3.90137e-07
2.04337e-06
3.50325e-07
2.15962e-06
3.09952e-07
2.2626e-06
2.68263e-07
2.35118e-06
2.24537e-07
2.424e-06
1.78071e-07
2.47949e-06
1.28159e-07
2.51583e-06
7.40718e-08
2.53085e-06
1.50439e-08
2.52219e-06
-5.00246e-08
2.48691e-06
-1.22133e-07
2.42164e-06
-2.02864e-07
2.32232e-06
-2.9442e-07
2.18408e-06
-4.00087e-07
2.00101e-06
-5.25e-07
1.76621e-06
-6.77343e-07
1.47262e-06
-8.70079e-07
1.11612e-06
-1.12269e-06
7.03467e-07
-1.46045e-06
2.67691e-07
-1.90356e-06
-1.12945e-07
-2.4298e-06
-3.14809e-07
-2.89033e-06
-2.33744e-07
-2.88345e-06
-1.64732e-06
-2.57213e-07
9.6029e-07
-4.54681e-07
1.54799e-06
-4.71257e-07
1.54817e-06
-3.52487e-07
1.38026e-06
-1.53156e-07
1.18548e-06
8.75604e-08
1.0084e-06
3.4465e-07
8.60746e-07
6.03375e-07
7.41556e-07
8.5566e-07
6.45995e-07
1.09741e-06
5.68922e-07
1.32679e-06
5.05963e-07
1.54315e-06
4.53653e-07
1.74647e-06
4.09319e-07
1.93697e-06
3.70907e-07
2.11491e-06
3.36826e-07
2.2805e-06
3.05823e-07
2.43381e-06
2.7689e-07
2.57475e-06
2.49192e-07
2.70306e-06
2.22021e-07
2.81825e-06
1.9476e-07
2.91966e-06
1.66857e-07
3.00639e-06
1.37805e-07
3.07734e-06
1.07123e-07
3.13116e-06
7.43396e-08
3.16627e-06
3.89614e-08
3.18056e-06
7.4693e-10
3.17214e-06
-4.15956e-08
3.13811e-06
-8.81116e-08
3.07533e-06
-1.4008e-07
2.97985e-06
-1.98936e-07
2.84669e-06
-2.66927e-07
2.66939e-06
-3.47704e-07
2.43944e-06
-4.47389e-07
2.14581e-06
-5.76449e-07
1.7758e-06
-7.52689e-07
1.32017e-06
-1.00482e-06
7.8862e-07
-1.37201e-06
2.41233e-07
-1.88241e-06
-1.76381e-07
-2.47272e-06
-2.59672e-07
-2.80016e-06
-1.907e-06
-3.53068e-07
1.31336e-06
-4.15024e-07
1.60995e-06
-2.09954e-07
1.3431e-06
1.13159e-07
1.05714e-06
4.70796e-07
8.2784e-07
8.24688e-07
6.54513e-07
1.15832e-06
5.27118e-07
1.46596e-06
4.33908e-07
1.74714e-06
3.64822e-07
2.00353e-06
3.12531e-07
2.23752e-06
2.71973e-07
2.4515e-06
2.39673e-07
2.64759e-06
2.13227e-07
2.82755e-06
1.90946e-07
2.99276e-06
1.71619e-07
3.14423e-06
1.54355e-07
3.28264e-06
1.38473e-07
3.40839e-06
1.23442e-07
3.52159e-06
1.08827e-07
3.62208e-06
9.42653e-08
3.7095e-06
7.94436e-08
3.78322e-06
6.40829e-08
3.84241e-06
4.79277e-08
3.88602e-06
3.07382e-08
3.91269e-06
1.22849e-08
3.92111e-06
-7.67271e-09
3.90907e-06
-2.95526e-08
3.87453e-06
-5.35759e-08
3.81475e-06
-8.02978e-08
3.7263e-06
-1.10482e-07
3.6047e-06
-1.45328e-07
3.44384e-06
-1.86842e-07
3.23497e-06
-2.38526e-07
2.96527e-06
-3.06742e-07
2.61601e-06
-4.03434e-07
2.1625e-06
-5.51312e-07
1.58219e-06
-7.91704e-07
8.87172e-07
-1.18739e-06
1.96843e-07
-1.78239e-06
-1.93032e-07
-2.41028e-06
-2.10003e-06
-2.1485e-07
1.52821e-06
1.91811e-07
1.20329e-06
7.91472e-07
7.43437e-07
1.35202e-06
4.96595e-07
1.83352e-06
3.46341e-07
2.23958e-06
2.48449e-07
2.58184e-06
1.84864e-07
2.8725e-06
1.43249e-07
3.12214e-06
1.15173e-07
3.3392e-06
9.54781e-08
3.53007e-06
8.10982e-08
3.69957e-06
7.01709e-08
3.85127e-06
6.1532e-08
3.98778e-06
5.44348e-08
4.11101e-06
4.83841e-08
4.22233e-06
4.3039e-08
4.32265e-06
3.81537e-08
4.41255e-06
3.3544e-08
4.49231e-06
2.90655e-08
4.56197e-06
2.46011e-08
4.62136e-06
2.00527e-08
4.67011e-06
1.53354e-08
4.70767e-06
1.03742e-08
4.7333e-06
5.10458e-09
4.7461e-06
-5.14166e-10
4.74509e-06
-6.66602e-09
4.72883e-06
-1.32894e-08
4.69582e-06
-2.05633e-08
4.64413e-06
-2.86171e-08
4.57133e-06
-3.76804e-08
4.47413e-06
-4.81214e-08
4.34785e-06
-6.05697e-08
4.18548e-06
-7.61553e-08
3.97576e-06
-9.70222e-08
3.69986e-06
-1.2753e-07
3.32579e-06
-1.77239e-07
2.8025e-06
-2.68414e-07
2.0686e-06
-4.5349e-07
1.12392e-06
-8.37716e-07
2.30586e-07
-1.51694e-06
-1.86944e-06
1.52821e-06
2.7315e-06
3.47493e-06
3.97153e-06
4.31787e-06
4.56632e-06
4.75118e-06
4.89443e-06
5.0096e-06
5.10508e-06
5.18618e-06
5.25635e-06
5.31788e-06
5.37232e-06
5.4207e-06
5.46374e-06
5.5019e-06
5.53544e-06
5.5645e-06
5.58911e-06
5.60916e-06
5.62449e-06
5.63487e-06
5.63997e-06
5.63946e-06
5.63279e-06
5.6195e-06
5.59894e-06
5.57032e-06
5.53264e-06
5.48452e-06
5.42395e-06
5.3478e-06
5.25077e-06
5.12324e-06
4.946e-06
4.67759e-06
4.2241e-06
3.38638e-06
1.86944e-06
)
;

boundaryField
{
    movingWall
    {
        type            calculated;
        value           uniform 0;
    }
    fixedWalls
    {
        type            calculated;
        value           uniform 0;
    }
    frontAndBack
    {
        type            empty;
        value           nonuniform 0();
    }
}


// ************************************************************************* //
