/*--------------------------------*- C++ -*----------------------------------*\
| =========                 |                                                 |
| \\      /  F ield         | OpenFOAM: The Open Source CFD Toolbox           |
|  \\    /   O peration     | Version:  2.1.1                                 |
|   \\  /    A nd           | Web:      www.OpenFOAM.org                      |
|    \\/     M anipulation  |                                                 |
\*---------------------------------------------------------------------------*/
FoamFile
{
    version     2.0;
    format      ascii;
    class       volVectorField;
    location    "1";
    object      U;
}
// * * * * * * * * * * * * * * * * * * * * * * * * * * * * * * * * * * * * * //

dimensions      [0 1 -1 0 0 0 0];

internalField   nonuniform List<vector> 
1681
(
(6.29066e-05 -6.26618e-05 0)
(0.000157141 -5.47706e-05 0)
(0.000144703 -2.19158e-06 0)
(-2.61281e-05 5.60787e-05 0)
(-0.000353676 0.000107574 0)
(-0.000814491 0.000148523 0)
(-0.00138103 0.000178953 0)
(-0.00202645 0.000200273 0)
(-0.00272665 0.000214108 0)
(-0.00346072 0.000221853 0)
(-0.00421051 0.00022454 0)
(-0.0049599 0.000222821 0)
(-0.00569403 0.000217003 0)
(-0.00639856 0.000207131 0)
(-0.00705922 0.00019307 0)
(-0.00766148 0.000174601 0)
(-0.00819054 0.000151515 0)
(-0.00863152 0.000123699 0)
(-0.00896991 9.12203e-05 0)
(-0.00919217 5.43874e-05 0)
(-0.00928655 1.38051e-05 0)
(-0.00924394 -2.96118e-05 0)
(-0.00905874 -7.46034e-05 0)
(-0.00872979 -0.000119613 0)
(-0.00826105 -0.000162838 0)
(-0.00766212 -0.000202313 0)
(-0.00694847 -0.000236023 0)
(-0.00614131 -0.000262044 0)
(-0.00526706 -0.000278682 0)
(-0.00435646 -0.000284618 0)
(-0.00344321 -0.000279026 0)
(-0.00256245 -0.000261661 0)
(-0.00174888 -0.000232905 0)
(-0.00103489 -0.000193773 0)
(-0.000448502 -0.00014592 0)
(-1.14274e-05 -9.17336e-05 0)
(0.000263181 -3.45037e-05 0)
(0.000373563 2.10956e-05 0)
(0.000334506 6.62482e-05 0)
(0.000193881 8.58646e-05 0)
(5.35215e-05 5.34566e-05 0)
(5.7024e-05 -0.000158873 0)
(5.15998e-05 -4.92238e-05 0)
(-0.000245093 0.000217082 0)
(-0.000896084 0.000511473 0)
(-0.00189811 0.000782252 0)
(-0.00321176 0.00100854 0)
(-0.00478203 0.00118506 0)
(-0.00654991 0.00131397 0)
(-0.00845835 0.00140008 0)
(-0.0104545 0.00144845 0)
(-0.0124899 0.00146332 0)
(-0.0145202 0.00144766 0)
(-0.0165032 0.00140316 0)
(-0.0183986 0.00133044 0)
(-0.0201664 0.00122943 0)
(-0.0217672 0.00109979 0)
(-0.0231614 0.000941351 0)
(-0.0243108 0.000754582 0)
(-0.0251791 0.00054096 0)
(-0.0257332 0.000303298 0)
(-0.0259459 4.59681e-05 0)
(-0.0257968 -0.000225007 0)
(-0.0252753 -0.000501928 0)
(-0.0243816 -0.000775647 0)
(-0.0231288 -0.00103587 0)
(-0.0215435 -0.00127164 0)
(-0.0196666 -0.00147195 0)
(-0.0175521 -0.00162642 0)
(-0.0152663 -0.00172607 0)
(-0.0128853 -0.00176406 0)
(-0.0104921 -0.00173627 0)
(-0.00817248 -0.00164187 0)
(-0.00601069 -0.00148359 0)
(-0.00408485 -0.00126794 0)
(-0.00246183 -0.00100529 0)
(-0.00119203 -0.000710223 0)
(-0.000303629 -0.00040236 0)
(0.000202474 -0.000108389 0)
(0.000362096 0.000133131 0)
(0.000267263 0.000263856 0)
(8.6e-05 0.000192803 0)
(4.78731e-06 -0.000150219 0)
(-0.00022218 0.000247948 0)
(-0.000941612 0.000919886 0)
(-0.00216961 0.00164552 0)
(-0.00388402 0.0023207 0)
(-0.00603279 0.00289614 0)
(-0.00854304 0.00335402 0)
(-0.0113343 0.00369376 0)
(-0.0143261 0.00392255 0)
(-0.0174418 0.00404976 0)
(-0.0206088 0.00408405 0)
(-0.0237591 0.00403195 0)
(-0.0268274 0.0038976 0)
(-0.0297509 0.003683 0)
(-0.0324676 0.00338885 0)
(-0.0349169 0.00301547 0)
(-0.0370392 0.00256387 0)
(-0.0387775 0.00203681 0)
(-0.0400786 0.00143967 0)
(-0.0408955 0.00078124 0)
(-0.04119 7.41479e-05 0)
(-0.0409348 -0.000664894 0)
(-0.040117 -0.00141523 0)
(-0.0387398 -0.00215277 0)
(-0.0368247 -0.00285084 0)
(-0.0344127 -0.00348139 0)
(-0.0315644 -0.00401647 0)
(-0.0283595 -0.00443002 0)
(-0.0248943 -0.00469959 0)
(-0.0212791 -0.00480822 0)
(-0.0176335 -0.00474599 0)
(-0.014081 -0.0045113 0)
(-0.010743 -0.00411184 0)
(-0.00773173 -0.00356513 0)
(-0.00514341 -0.0028989 0)
(-0.00305067 -0.00215168 0)
(-0.00149509 -0.00137427 0)
(-0.000480065 -0.000632959 0)
(3.7585e-05 -1.40354e-05 0)
(0.000162005 0.000365598 0)
(7.16588e-05 0.00033809 0)
(-5.81245e-05 2.54317e-05 0)
(-0.000550639 0.000926689 0)
(-0.00176048 0.00216589 0)
(-0.00362265 0.00345713 0)
(-0.0060791 0.00465219 0)
(-0.00906018 0.00567483 0)
(-0.012476 0.00649375 0)
(-0.0162287 0.0071042 0)
(-0.0202199 0.00751461 0)
(-0.0243546 0.00773805 0)
(-0.0285413 0.00778743 0)
(-0.0326931 0.00767299 0)
(-0.0367257 0.00740158 0)
(-0.0405575 0.00697711 0)
(-0.0441084 0.00640172 0)
(-0.0473002 0.00567735 0)
(-0.0500569 0.0048075 0)
(-0.0523065 0.00379897 0)
(-0.0539827 0.00266333 0)
(-0.0550276 0.00141814 0)
(-0.0553948 8.77133e-05 0)
(-0.0550523 -0.00129662 0)
(-0.0539856 -0.00269686 0)
(-0.0522005 -0.00406922 0)
(-0.0497251 -0.00536566 0)
(-0.0466114 -0.00653602 0)
(-0.0429351 -0.00753059 0)
(-0.0387951 -0.00830308 0)
(-0.0343106 -0.0088138 0)
(-0.029618 -0.00903274 0)
(-0.0248653 -0.00894242 0)
(-0.0202057 -0.0085402 0)
(-0.0157903 -0.00784007 0)
(-0.0117594 -0.00687372 0)
(-0.00823452 -0.00569121 0)
(-0.00530894 -0.00436162 0)
(-0.00303957 -0.00297448 0)
(-0.00143881 -0.00164274 0)
(-0.000466902 -0.000507233 0)
(-2.63461e-05 0.000254942 0)
(3.84993e-05 0.000403634 0)
(-0.000120774 0.000383341 0)
(-0.000890007 0.00202371 0)
(-0.00261644 0.00399154 0)
(-0.00513829 0.00596524 0)
(-0.00835022 0.00776832 0)
(-0.0121589 0.0093058 0)
(-0.0164556 0.0105366 0)
(-0.0211257 0.0114528 0)
(-0.0260558 0.0120643 0)
(-0.0311361 0.0123873 0)
(-0.0362603 0.0124388 0)
(-0.0413263 0.0122324 0)
(-0.0462347 0.0117777 0)
(-0.0508889 0.0110808 0)
(-0.0551939 0.0101458 0)
(-0.0590573 0.00897704 0)
(-0.0623899 0.0075818 0)
(-0.0651074 0.0059724 0)
(-0.0671327 0.00416847 0)
(-0.0683992 0.00219858 0)
(-0.0688535 0.000101282 0)
(-0.068459 -0.00207463 0)
(-0.0671993 -0.00427071 0)
(-0.065081 -0.00642014 0)
(-0.0621362 -0.00845006 0)
(-0.058424 -0.0102846 0)
(-0.0540306 -0.0118488 0)
(-0.0490688 -0.0130726 0)
(-0.0436754 -0.0138962 0)
(-0.0380072 -0.0142737 0)
(-0.0322352 -0.0141783 0)
(-0.0265378 -0.0136053 0)
(-0.0210921 -0.0125752 0)
(-0.0160647 -0.0111352 0)
(-0.0116015 -0.00936034 0)
(-0.00781807 -0.00735382 0)
(-0.0047905 -0.00524775 0)
(-0.00254657 -0.00320508 0)
(-0.00105839 -0.00142225 0)
(-0.000247317 -0.000134687 0)
(7.20682e-07 0.000356289 0)
(-0.000179701 0.000919689 0)
(-0.00122156 0.00354515 0)
(-0.00346591 0.0064102 0)
(-0.00664983 0.00918254 0)
(-0.0106148 0.0116741 0)
(-0.0152394 0.013782 0)
(-0.0203933 0.0154616 0)
(-0.025945 0.0167054 0)
(-0.0317674 0.0175258 0)
(-0.0377379 0.0179432 0)
(-0.0437385 0.0179783 0)
(-0.0496551 0.0176481 0)
(-0.0553767 0.016965 0)
(-0.0607945 0.0159373 0)
(-0.0658021 0.0145714 0)
(-0.0702956 0.0128748 0)
(-0.0741749 0.0108593 0)
(-0.0773456 0.00854375 0)
(-0.0797216 0.0059573 0)
(-0.0812279 0.00314109 0)
(-0.0818044 0.00014964 0)
(-0.0814092 -0.00294879 0)
(-0.0800221 -0.00607304 0)
(-0.077648 -0.00913084 0)
(-0.0743194 -0.0120218 0)
(-0.0700985 -0.0146413 0)
(-0.0650776 -0.016886 0)
(-0.0593788 -0.0186591 0)
(-0.0531518 -0.0198768 0)
(-0.04657 -0.0204746 0)
(-0.0398244 -0.0204136 0)
(-0.0331167 -0.0196849 0)
(-0.0266491 -0.0183145 0)
(-0.0206148 -0.0163653 0)
(-0.0151867 -0.0139381 0)
(-0.0105061 -0.0111724 0)
(-0.00667332 -0.008245 0)
(-0.00373765 -0.00537083 0)
(-0.00168989 -0.00280232 0)
(-0.00047758 -0.000831062 0)
(-3.60956e-05 0.000189418 0)
(-0.000234295 0.00162617 0)
(-0.0015378 0.00548175 0)
(-0.00428676 0.00941473 0)
(-0.00811912 0.0131016 0)
(-0.0128215 0.0163582 0)
(-0.0182417 0.0190851 0)
(-0.0242261 0.021242 0)
(-0.030626 0.0228266 0)
(-0.0373009 0.0238568 0)
(-0.0441174 0.0243581 0)
(-0.0509478 0.0243557 0)
(-0.0576687 0.0238703 0)
(-0.06416 0.022917 0)
(-0.070304 0.0215063 0)
(-0.0759851 0.0196473 0)
(-0.0810905 0.0173506 0)
(-0.0855113 0.014633 0)
(-0.0891444 0.0115206 0)
(-0.0918952 0.00805265 0)
(-0.0936808 0.00428359 0)
(-0.0944333 0.000284917 0)
(-0.0941037 -0.00385455 0)
(-0.0926657 -0.00802957 0)
(-0.090119 -0.0121207 0)
(-0.0864926 -0.0159977 0)
(-0.0818472 -0.0195251 0)
(-0.0762767 -0.0225676 0)
(-0.0699083 -0.024998 0)
(-0.0629007 -0.0267051 0)
(-0.0554409 -0.0276015 0)
(-0.0477384 -0.0276323 0)
(-0.0400175 -0.0267814 0)
(-0.032507 -0.0250775 0)
(-0.0254295 -0.0225977 0)
(-0.0189887 -0.0194687 0)
(-0.0133569 -0.0158667 0)
(-0.00866446 -0.012015 0)
(-0.00498854 -0.00818217 0)
(-0.00234411 -0.00467746 0)
(-0.000709285 -0.00184817 0)
(-7.05034e-05 -9.63504e-05 0)
(-0.000284811 0.00249301 0)
(-0.00183595 0.00781639 0)
(-0.00506766 0.0129857 0)
(-0.00952386 0.0177014 0)
(-0.0149373 0.021797 0)
(-0.0211243 0.0251878 0)
(-0.0279077 0.0278461 0)
(-0.035121 0.0297802 0)
(-0.0426111 0.0310174 0)
(-0.050235 0.0315903 0)
(-0.0578572 0.0315299 0)
(-0.0653473 0.0308608 0)
(-0.0725785 0.029601 0)
(-0.0794264 0.0277633 0)
(-0.0857688 0.0253591 0)
(-0.0914858 0.0224025 0)
(-0.0964613 0.0189149 0)
(-0.100585 0.0149297 0)
(-0.103753 0.010496 0)
(-0.105875 0.0056817 0)
(-0.106873 0.000575216 0)
(-0.10669 -0.00471379 0)
(-0.105289 -0.0100554 0)
(-0.102662 -0.015302 0)
(-0.0988283 -0.0202921 0)
(-0.0938439 -0.0248563 0)
(-0.0877989 -0.0288247 0)
(-0.080821 -0.0320355 0)
(-0.0730745 -0.0343451 0)
(-0.0647575 -0.0356382 0)
(-0.0560967 -0.0358386 0)
(-0.0473396 -0.034918 0)
(-0.0387443 -0.0329038 0)
(-0.0305666 -0.0298845 0)
(-0.0230465 -0.0260111 0)
(-0.0163939 -0.0214967 0)
(-0.0107761 -0.0166126 0)
(-0.00630432 -0.0116826 0)
(-0.00302292 -0.00707591 0)
(-0.000943478 -0.00319749 0)
(-0.000103014 -0.000499797 0)
(-0.000331537 0.00350994 0)
(-0.00211467 0.0105276 0)
(-0.00580175 0.017096 0)
(-0.0108492 0.0229519 0)
(-0.0169387 0.0279586 0)
(-0.023856 0.0320564 0)
(-0.0314005 0.0352382 0)
(-0.0393888 0.0375296 0)
(-0.047656 0.0389706 0)
(-0.0560506 0.0396041 0)
(-0.0644309 0.039468 0)
(-0.0726614 0.0385918 0)
(-0.0806107 0.0369965 0)
(-0.0881501 0.0346974 0)
(-0.0951526 0.0317078 0)
(-0.101493 0.0280445 0)
(-0.10705 0.0237334 0)
(-0.111704 0.0188142 0)
(-0.115346 0.0133451 0)
(-0.117875 0.00740646 0)
(-0.119203 0.00110294 0)
(-0.119259 -0.00543568 0)
(-0.117996 -0.0120551 0)
(-0.11539 -0.018579 0)
(-0.11145 -0.0248134 0)
(-0.106219 -0.0305531 0)
(-0.0997796 -0.0355897 0)
(-0.0922545 -0.0397223 0)
(-0.0838096 -0.0427692 0)
(-0.0746513 -0.0445805 0)
(-0.0650226 -0.0450516 0)
(-0.0551953 -0.0441353 0)
(-0.0454592 -0.0418519 0)
(-0.0361086 -0.0382964 0)
(-0.0274264 -0.0336418 0)
(-0.0196675 -0.0281375 0)
(-0.013044 -0.0221041 0)
(-0.00770834 -0.0159246 0)
(-0.00373966 -0.010032 0)
(-0.001186 -0.00489454 0)
(-0.000134983 -0.00102208 0)
(-0.000374565 0.00466639 0)
(-0.00237269 0.0135908 0)
(-0.00648349 0.0217128 0)
(-0.0120833 0.0288159 0)
(-0.0188064 0.0348034 0)
(-0.0264099 0.0396501 0)
(-0.0346713 0.0433778 0)
(-0.0433911 0.0460347 0)
(-0.0523937 0.0476784 0)
(-0.0615207 0.0483646 0)
(-0.0706256 0.0481402 0)
(-0.0795695 0.0470404 0)
(-0.0882186 0.0450898 0)
(-0.0964415 0.0423056 0)
(-0.104108 0.0387029 0)
(-0.111091 0.0343005 0)
(-0.117261 0.0291274 0)
(-0.122497 0.0232283 0)
(-0.126678 0.0166691 0)
(-0.129693 0.00954079 0)
(-0.131444 0.00196246 0)
(-0.131845 -0.00591746 0)
(-0.13083 -0.0139214 0)
(-0.128361 -0.0218447 0)
(-0.124427 -0.0294603 0)
(-0.119054 -0.0365248 0)
(-0.112311 -0.0427881 0)
(-0.104311 -0.0480049 0)
(-0.095216 -0.0519483 0)
(-0.0852376 -0.0544258 0)
(-0.0746329 -0.0552958 0)
(-0.0636985 -0.0544828 0)
(-0.052759 -0.0519919 0)
(-0.0421522 -0.0479184 0)
(-0.0322112 -0.0424529 0)
(-0.0232448 -0.03588 0)
(-0.0155187 -0.0285715 0)
(-0.00923516 -0.020974 0)
(-0.00451445 -0.0135912 0)
(-0.00144528 -0.00696332 0)
(-0.000168149 -0.00166849 0)
(-0.000413768 0.00595118 0)
(-0.00260831 0.0169787 0)
(-0.00710729 0.0267984 0)
(-0.0132147 0.0352494 0)
(-0.0205221 0.0422844 0)
(-0.0287605 0.0479214 0)
(-0.0376874 0.0522178 0)
(-0.0470889 0.0552505 0)
(-0.0567801 0.0570989 0)
(-0.0665968 0.0578348 0)
(-0.0763894 0.0575158 0)
(-0.0860176 0.0561841 0)
(-0.0953465 0.0538682 0)
(-0.104244 0.0505873 0)
(-0.11258 0.0463574 0)
(-0.120223 0.0411983 0)
(-0.127043 0.0351406 0)
(-0.13291 0.0282321 0)
(-0.137698 0.0205439 0)
(-0.141285 0.0121753 0)
(-0.143558 0.00325705 0)
(-0.144415 -0.00604614 0)
(-0.143771 -0.0155354 0)
(-0.141565 -0.0249792 0)
(-0.137763 -0.0341171 0)
(-0.132369 -0.0426662 0)
(-0.125431 -0.0503311 0)
(-0.117046 -0.0568161 0)
(-0.107366 -0.061842 0)
(-0.0966033 -0.0651639 0)
(-0.0850257 -0.0665916 0)
(-0.0729537 -0.0660107 0)
(-0.0607489 -0.0633997 0)
(-0.0487978 -0.0588455 0)
(-0.0374913 -0.0525502 0)
(-0.0272017 -0.0448315 0)
(-0.0182593 -0.036114 0)
(-0.0109259 -0.0269136 0)
(-0.00537121 -0.0178139 0)
(-0.00173107 -0.00943883 0)
(-0.000204388 -0.00244933 0)
(-0.000448842 0.0073522 0)
(-0.00281942 0.0206612 0)
(-0.00766704 0.0323103 0)
(-0.0142317 0.0422024 0)
(-0.0220675 0.050348 0)
(-0.0308823 0.0568152 0)
(-0.0404157 0.0617041 0)
(-0.0504417 0.0651253 0)
(-0.0607673 0.0671845 0)
(-0.0712244 0.0679724 0)
(-0.0816614 0.0675595 0)
(-0.0919383 0.0659963 0)
(-0.101921 0.0633157 0)
(-0.111479 0.0595386 0)
(-0.120482 0.0546815 0)
(-0.1288 0.0487636 0)
(-0.136298 0.0418152 0)
(-0.142845 0.0338849 0)
(-0.148305 0.0250462 0)
(-0.152547 0.015403 0)
(-0.155442 0.00509469 0)
(-0.15687 -0.00570147 0)
(-0.156725 -0.0167683 0)
(-0.154919 -0.0278495 0)
(-0.15139 -0.0386523 0)
(-0.146115 -0.0488534 0)
(-0.139113 -0.0581091 0)
(-0.130456 -0.0660681 0)
(-0.120282 -0.0723899 0)
(-0.108794 -0.0767664 0)
(-0.0962679 -0.0789463 0)
(-0.0830441 -0.0787611 0)
(-0.0695218 -0.0761497 0)
(-0.0561406 -0.0711778 0)
(-0.043357 -0.0640504 0)
(-0.0316175 -0.0551142 0)
(-0.0213288 -0.0448482 0)
(-0.012825 -0.0338443 0)
(-0.00633592 -0.0227771 0)
(-0.00205384 -0.0123685 0)
(-0.000245627 -0.00338031 0)
(-0.000479357 0.00885613 0)
(-0.00300349 0.0246048 0)
(-0.0081561 0.0382011 0)
(-0.0151223 0.049619 0)
(-0.0234238 0.0589332 0)
(-0.0327489 0.0662691 0)
(-0.0428222 0.0717746 0)
(-0.053407 0.0755995 0)
(-0.0643042 0.0778793 0)
(-0.075343 0.0787268 0)
(-0.0863718 0.0782278 0)
(-0.097252 0.0764422 0)
(-0.107853 0.0734077 0)
(-0.118046 0.0691474 0)
(-0.127704 0.0636769 0)
(-0.136697 0.0570138 0)
(-0.144893 0.0491858 0)
(-0.152154 0.0402394 0)
(-0.158342 0.0302471 0)
(-0.163313 0.0193138 0)
(-0.166925 0.00758274 0)
(-0.169038 -0.00476023 0)
(-0.169522 -0.0174839 0)
(-0.168261 -0.0303105 0)
(-0.16516 -0.0429172 0)
(-0.160162 -0.054941 0)
(-0.15325 -0.0659874 0)
(-0.144466 -0.0756447 0)
(-0.13392 -0.0835026 0)
(-0.121801 -0.0891779 0)
(-0.108381 -0.0923429 0)
(-0.0940184 -0.0927585 0)
(-0.0791469 -0.0903055 0)
(-0.0642615 -0.0850127 0)
(-0.0498914 -0.0770756 0)
(-0.0365685 -0.0668629 0)
(-0.0247903 -0.0549079 0)
(-0.0149779 -0.0418857 0)
(-0.00743541 -0.0285749 0)
(-0.00242432 -0.0158129 0)
(-0.000293815 -0.00448271 0)
(-0.000504817 0.0104482 0)
(-0.00315785 0.0287728 0)
(-0.00856765 0.0444188 0)
(-0.0158741 0.0574371 0)
(-0.0245724 0.0679725 0)
(-0.0343345 0.0762127 0)
(-0.0448724 0.082359 0)
(-0.0559411 0.0866042 0)
(-0.0673371 0.0891177 0)
(-0.078888 0.0900373 0)
(-0.0904436 0.089466 0)
(-0.101869 0.0874747 0)
(-0.113036 0.0841071 0)
(-0.123823 0.0793877 0)
(-0.134106 0.0733311 0)
(-0.14376 0.0659515 0)
(-0.152653 0.057272 0)
(-0.160648 0.0473339 0)
(-0.167601 0.0362049 0)
(-0.17336 0.0239866 0)
(-0.17777 0.0108213 0)
(-0.180672 -0.00310214 0)
(-0.181912 -0.0175435 0)
(-0.181342 -0.0322085 0)
(-0.178834 -0.0467479 0)
(-0.174288 -0.060761 0)
(-0.167648 -0.0738024 0)
(-0.158913 -0.0853957 0)
(-0.148157 -0.0950536 0)
(-0.135542 -0.102305 0)
(-0.121328 -0.10673 0)
(-0.105878 -0.107998 0)
(-0.0896579 -0.10591 0)
(-0.0732169 -0.100437 0)
(-0.0571627 -0.0917467 0)
(-0.0421235 -0.0802198 0)
(-0.0287038 -0.0664411 0)
(-0.0174295 -0.0511751 0)
(-0.00869658 -0.035319 0)
(-0.00285344 -0.0198459 0)
(-0.000350933 -0.00578353 0)
(-0.000524719 0.0121124 0)
(-0.00327988 0.0331252 0)
(-0.00889519 0.0509065 0)
(-0.0164756 0.0655888 0)
(-0.0254954 0.0773911 0)
(-0.0356138 0.0865678 0)
(-0.0465329 0.0933777 0)
(-0.058001 0.0980604 0)
(-0.0698116 0.100823 0)
(-0.0817923 0.10183 0)
(-0.0937955 0.101205 0)
(-0.10569 0.0990315 0)
(-0.117356 0.0953592 0)
(-0.128676 0.090215 0)
(-0.139534 0.0836116 0)
(-0.149809 0.0755584 0)
(-0.159375 0.066072 0)
(-0.168096 0.0551854 0)
(-0.175826 0.0429577 0)
(-0.182408 0.0294823 0)
(-0.187676 0.0148953 0)
(-0.191455 -0.000617266 0)
(-0.193564 -0.0168127 0)
(-0.193828 -0.0333863 0)
(-0.19208 -0.0499685 0)
(-0.188177 -0.0661246 0)
(-0.182013 -0.0813603 0)
(-0.173538 -0.0951332 0)
(-0.162778 -0.106872 0)
(-0.149852 -0.116008 0)
(-0.134994 -0.122008 0)
(-0.118562 -0.124431 0)
(-0.10104 -0.122971 0)
(-0.0830285 -0.117513 0)
(-0.0652163 -0.108174 0)
(-0.0483383 -0.0953279 0)
(-0.0331227 -0.0796055 0)
(-0.0202221 -0.061865 0)
(-0.0101458 -0.0431376 0)
(-0.00335212 -0.0245545 0)
(-0.000419016 -0.00731545 0)
(-0.000538614 0.0138311 0)
(-0.00336734 0.0376188 0)
(-0.00913319 0.0576032 0)
(-0.0169168 0.0740008 0)
(-0.0261776 0.0871078 0)
(-0.036565 0.0972485 0)
(-0.0477734 0.104742 0)
(-0.0595465 0.109879 0)
(-0.0716757 0.112905 0)
(-0.08399 0.114017 0)
(-0.0963455 0.11336 0)
(-0.108617 0.111031 0)
(-0.120691 0.107089 0)
(-0.132459 0.101562 0)
(-0.143814 0.0944607 0)
(-0.154644 0.0857895 0)
(-0.164828 0.0755559 0)
(-0.174237 0.0637821 0)
(-0.182725 0.0505149 0)
(-0.190134 0.0358349 0)
(-0.196289 0.0198661 0)
(-0.201004 0.00278529 0)
(-0.204077 -0.0151697 0)
(-0.205303 -0.0336916 0)
(-0.204478 -0.0523976 0)
(-0.201414 -0.0708264 0)
(-0.19595 -0.0884395 0)
(-0.187978 -0.10463 0)
(-0.177462 -0.118739 0)
(-0.164466 -0.130089 0)
(-0.149178 -0.138022 0)
(-0.131932 -0.141956 0)
(-0.113216 -0.141449 0)
(-0.0936718 -0.136267 0)
(-0.074066 -0.126444 0)
(-0.0552492 -0.112322 0)
(-0.0380906 -0.0945625 0)
(-0.0233936 -0.0741198 0)
(-0.0118083 -0.0521736 0)
(-0.00393127 -0.0300386 0)
(-0.000500185 -0.00911693 0)
(-0.000546178 0.0155857 0)
(-0.00341867 0.0422083 0)
(-0.00927785 0.0644443 0)
(-0.0171909 0.0825955 0)
(-0.0266077 0.097036 0)
(-0.0371709 0.108162 0)
(-0.0485694 0.116355 0)
(-0.0605433 0.121958 0)
(-0.0728835 0.125262 0)
(-0.0854208 0.126495 0)
(-0.0980159 0.125828 0)
(-0.11055 0.123372 0)
(-0.12292 0.119197 0)
(-0.135026 0.113334 0)
(-0.146772 0.105792 0)
(-0.158057 0.0965678 0)
(-0.16877 0.08566 0)
(-0.178789 0.0730773 0)
(-0.187977 0.0588506 0)
(-0.196177 0.0430434 0)
(-0.203213 0.0257623 0)
(-0.208888 0.00716772 0)
(-0.212986 -0.0125152 0)
(-0.215277 -0.0329857 0)
(-0.215524 -0.0538576 0)
(-0.213491 -0.0746523 0)
(-0.208962 -0.0947953 0)
(-0.201761 -0.113621 0)
(-0.191781 -0.130384 0)
(-0.179012 -0.144293 0)
(-0.163577 -0.154546 0)
(-0.14576 -0.160399 0)
(-0.126035 -0.161239 0)
(-0.105063 -0.156672 0)
(-0.0836846 -0.146606 0)
(-0.0628667 -0.131315 0)
(-0.043637 -0.111469 0)
(-0.0269762 -0.0881104 0)
(-0.0137075 -0.0625824 0)
(-0.00460168 -0.03641 0)
(-0.000596674 -0.0112321 0)
(-0.000547277 0.017357 0)
(-0.00343335 0.0468467 0)
(-0.00932794 0.0713636 0)
(-0.0172951 0.0912922 0)
(-0.0267805 0.107084 0)
(-0.0374222 0.119208 0)
(-0.0489052 0.12811 0)
(-0.0609672 0.134188 0)
(-0.073399 0.137778 0)
(-0.0860342 0.139145 0)
(-0.0987388 0.138485 0)
(-0.111402 0.13593 0)
(-0.12393 0.131559 0)
(-0.136236 0.125408 0)
(-0.148236 0.117485 0)
(-0.159841 0.107781 0)
(-0.170956 0.0962828 0)
(-0.181471 0.0829837 0)
(-0.191257 0.0678969 0)
(-0.200167 0.0510648 0)
(-0.208029 0.0325713 0)
(-0.214644 0.0125539 0)
(-0.219788 -0.00878338 0)
(-0.223212 -0.031156 0)
(-0.22465 -0.0541862 0)
(-0.223823 -0.0773902 0)
(-0.22046 -0.10017 0)
(-0.214315 -0.121811 0)
(-0.205196 -0.14149 0)
(-0.193004 -0.158296 0)
(-0.177774 -0.171278 0)
(-0.159716 -0.179505 0)
(-0.139254 -0.182156 0)
(-0.117049 -0.178629 0)
(-0.0939923 -0.168653 0)
(-0.0711674 -0.152385 0)
(-0.0497721 -0.130464 0)
(-0.030993 -0.104007 0)
(-0.0158639 -0.0745283 0)
(-0.00537386 -0.0437912 0)
(-0.000710858 -0.0137109 0)
(-0.00054204 0.0191259 0)
(-0.0034123 0.0514877 0)
(-0.00928571 0.0782944 0)
(-0.0172327 0.100009 0)
(-0.026699 0.11716 0)
(-0.0373198 0.130284 0)
(-0.0487772 0.139894 0)
(-0.0608071 0.146447 0)
(-0.0732009 0.150324 0)
(-0.0857954 0.15183 0)
(-0.0984625 0.15119 0)
(-0.111101 0.148558 0)
(-0.123626 0.144025 0)
(-0.135966 0.137633 0)
(-0.148051 0.12939 0)
(-0.159808 0.119281 0)
(-0.171159 0.107282 0)
(-0.182009 0.0933709 0)
(-0.192247 0.0775401 0)
(-0.201739 0.0598082 0)
(-0.210322 0.0402321 0)
(-0.217806 0.0189203 0)
(-0.223965 -0.00395229 0)
(-0.228543 -0.0281282 0)
(-0.23125 -0.0532502 0)
(-0.231774 -0.0788448 0)
(-0.22979 -0.104306 0)
(-0.224982 -0.128887 0)
(-0.21707 -0.151697 0)
(-0.20585 -0.171718 0)
(-0.191244 -0.18784 0)
(-0.173359 -0.198928 0)
(-0.152534 -0.203919 0)
(-0.129391 -0.201949 0)
(-0.104846 -0.192505 0)
(-0.080085 -0.175556 0)
(-0.0564815 -0.151658 0)
(-0.0354557 -0.121972 0)
(-0.0182943 -0.0881795 0)
(-0.00625784 -0.0523138 0)
(-0.000845273 -0.0166087 0)
(-0.00053093 0.020874 0)
(-0.00335822 0.0560865 0)
(-0.00915783 0.0851726 0)
(-0.0170144 0.108667 0)
(-0.0263767 0.127168 0)
(-0.0368777 0.141284 0)
(-0.0481971 0.151592 0)
(-0.0600694 0.158606 0)
(-0.0722869 0.162761 0)
(-0.08469 0.164401 0)
(-0.0971571 0.163784 0)
(-0.109596 0.161088 0)
(-0.121936 0.156418 0)
(-0.134118 0.149826 0)
(-0.146089 0.14132 0)
(-0.157797 0.130882 0)
(-0.16918 0.118475 0)
(-0.180166 0.104064 0)
(-0.190664 0.0876183 0)
(-0.200558 0.0691316 0)
(-0.209707 0.0486304 0)
(-0.217932 0.0261892 0)
(-0.22502 0.00194628 0)
(-0.230713 -0.0238778 0)
(-0.234714 -0.0509602 0)
(-0.236685 -0.0788537 0)
(-0.236258 -0.106965 0)
(-0.23305 -0.134535 0)
(-0.22669 -0.160626 0)
(-0.216862 -0.184127 0)
(-0.203355 -0.203778 0)
(-0.186138 -0.218228 0)
(-0.165426 -0.22614 0)
(-0.141758 -0.226337 0)
(-0.11603 -0.217983 0)
(-0.0895013 -0.200779 0)
(-0.0637196 -0.175115 0)
(-0.0403604 -0.142143 0)
(-0.02101 -0.103702 0)
(-0.00726284 -0.062116 0)
(-0.00100261 -0.0199863 0)
(-0.000514817 0.0225848 0)
(-0.00327606 0.0606034 0)
(-0.00895647 0.0919398 0)
(-0.0166601 0.117191 0)
(-0.0258398 0.13702 0)
(-0.0361262 0.152102 0)
(-0.047196 0.163081 0)
(-0.0587824 0.170531 0)
(-0.0706787 0.174939 0)
(-0.0827294 0.176694 0)
(-0.0948206 0.176091 0)
(-0.106871 0.173331 0)
(-0.118821 0.16854 0)
(-0.130631 0.161779 0)
(-0.142265 0.153061 0)
(-0.15369 0.142364 0)
(-0.16487 0.129643 0)
(-0.175754 0.114846 0)
(-0.186277 0.0979235 0)
(-0.19635 0.0788425 0)
(-0.205856 0.0575972 0)
(-0.21464 0.0342245 0)
(-0.222507 0.00882019 0)
(-0.229215 -0.0184414 0)
(-0.234469 -0.0472843 0)
(-0.237922 -0.0773055 0)
(-0.239173 -0.107945 0)
(-0.237784 -0.138459 0)
(-0.2333 -0.167889 0)
(-0.225286 -0.195059 0)
(-0.213386 -0.218573 0)
(-0.197401 -0.236871 0)
(-0.177379 -0.248318 0)
(-0.153718 -0.251371 0)
(-0.127242 -0.244792 0)
(-0.0992367 -0.227905 0)
(-0.071402 -0.20083 0)
(-0.0456841 -0.164625 0)
(-0.0240152 -0.121252 0)
(-0.0083969 -0.0733398 0)
(-0.00118573 -0.0239095 0)
(-0.000495065 0.0242452 0)
(-0.00317349 0.065006 0)
(-0.00870046 0.0985469 0)
(-0.0162008 0.125515 0)
(-0.0251301 0.146631 0)
(-0.0351147 0.162638 0)
(-0.0458272 0.174243 0)
(-0.0569991 0.182083 0)
(-0.0684253 0.186702 0)
(-0.0799552 0.188537 0)
(-0.0914834 0.187919 0)
(-0.10294 0.185082 0)
(-0.114283 0.180171 0)
(-0.125486 0.173262 0)
(-0.136537 0.164372 0)
(-0.147425 0.153479 0)
(-0.158137 0.140531 0)
(-0.168651 0.125463 0)
(-0.178931 0.108206 0)
(-0.188918 0.0887015 0)
(-0.198526 0.0669111 0)
(-0.207632 0.0428322 0)
(-0.216073 0.0165141 0)
(-0.223629 -0.0119224 0)
(-0.230025 -0.0422596 0)
(-0.234918 -0.0741553 0)
(-0.237895 -0.107106 0)
(-0.238479 -0.14041 0)
(-0.236142 -0.173127 0)
(-0.230338 -0.204045 0)
(-0.220559 -0.23167 0)
(-0.206414 -0.254248 0)
(-0.187743 -0.269844 0)
(-0.164743 -0.276504 0)
(-0.138094 -0.272503 0)
(-0.109042 -0.256668 0)
(-0.0793991 -0.228709 0)
(-0.0513795 -0.18947 0)
(-0.0273052 -0.140964 0)
(-0.00966638 -0.0861262 0)
(-0.00139763 -0.0284485 0)
(-0.00047363 0.0258466 0)
(-0.00306141 0.0692728 0)
(-0.00841659 0.104959 0)
(-0.0156807 0.133587 0)
(-0.0243075 0.155931 0)
(-0.0339149 0.172797 0)
(-0.0441697 0.18496 0)
(-0.0548013 0.193124 0)
(-0.0656067 0.197889 0)
(-0.076442 0.199747 0)
(-0.0872122 0.19907 0)
(-0.0978615 0.196124 0)
(-0.108364 0.191079 0)
(-0.118714 0.184026 0)
(-0.12892 0.174992 0)
(-0.138997 0.163956 0)
(-0.148959 0.150861 0)
(-0.158813 0.135632 0)
(-0.168554 0.118182 0)
(-0.178159 0.0984296 0)
(-0.187578 0.0763043 0)
(-0.196727 0.0517645 0)
(-0.205479 0.0248111 0)
(-0.213654 -0.00449304 0)
(-0.221007 -0.0359991 0)
(-0.22722 -0.0694383 0)
(-0.231885 -0.104386 0)
(-0.234508 -0.140212 0)
(-0.234512 -0.176031 0)
(-0.231253 -0.210644 0)
(-0.224076 -0.242503 0)
(-0.21239 -0.269698 0)
(-0.195789 -0.290011 0)
(-0.174209 -0.301054 0)
(-0.148104 -0.300539 0)
(-0.118592 -0.286661 0)
(-0.087529 -0.258548 0)
(-0.0573713 -0.216659 0)
(-0.0308642 -0.162942 0)
(-0.0110756 -0.100611 0)
(-0.00164144 -0.033677 0)
(-0.0004532 0.0273871 0)
(-0.00295479 0.0733982 0)
(-0.00814142 0.111159 0)
(-0.01516 0.141374 0)
(-0.023453 0.164864 0)
(-0.0326241 0.182499 0)
(-0.0423313 0.195125 0)
(-0.0523017 0.203515 0)
(-0.0623361 0.208337 0)
(-0.0722996 0.210137 0)
(-0.0821107 0.209333 0)
(-0.0917305 0.206227 0)
(-0.101152 0.201018 0)
(-0.110393 0.193812 0)
(-0.119484 0.184649 0)
(-0.128468 0.17351 0)
(-0.137385 0.160339 0)
(-0.146276 0.145051 0)
(-0.155168 0.127546 0)
(-0.164076 0.107719 0)
(-0.172989 0.0854734 0)
(-0.181866 0.0607288 0)
(-0.190626 0.0334383 0)
(-0.199135 0.00360525 0)
(-0.207195 -0.0286944 0)
(-0.214523 -0.0632774 0)
(-0.220745 -0.0998154 0)
(-0.225373 -0.13778 0)
(-0.227806 -0.176378 0)
(-0.227335 -0.214477 0)
(-0.223173 -0.250533 0)
(-0.214533 -0.282542 0)
(-0.200741 -0.308043 0)
(-0.181419 -0.324223 0)
(-0.156705 -0.328172 0)
(-0.127485 -0.317318 0)
(-0.0955526 -0.290003 0)
(-0.0635515 -0.246077 0)
(-0.0346637 -0.187242 0)
(-0.0126263 -0.116917 0)
(-0.00192045 -0.0396714 0)
(-0.000437415 0.0288736 0)
(-0.00287368 0.0773969 0)
(-0.00792355 0.117159 0)
(-0.0147178 0.14887 0)
(-0.0226725 0.173396 0)
(-0.0313685 0.191675 0)
(-0.0404512 0.204634 0)
(-0.0496458 0.213123 0)
(-0.0587599 0.217882 0)
(-0.0676721 0.219516 0)
(-0.0763186 0.218495 0)
(-0.0846815 0.215159 0)
(-0.0927775 0.209736 0)
(-0.100648 0.202353 0)
(-0.108351 0.193062 0)
(-0.115956 0.181851 0)
(-0.123534 0.168664 0)
(-0.131156 0.15341 0)
(-0.138885 0.135978 0)
(-0.146772 0.116246 0)
(-0.154849 0.0940915 0)
(-0.163121 0.0694001 0)
(-0.171555 0.04208 0)
(-0.180072 0.0120759 0)
(-0.188527 -0.0206085 0)
(-0.196694 -0.055883 0)
(-0.204248 -0.0935285 0)
(-0.210738 -0.133141 0)
(-0.215571 -0.174058 0)
(-0.218006 -0.215265 0)
(-0.217164 -0.255296 0)
(-0.212079 -0.292129 0)
(-0.20181 -0.323136 0)
(-0.185622 -0.34512 0)
(-0.163256 -0.354528 0)
(-0.13524 -0.347901 0)
(-0.10317 -0.322573 0)
(-0.0697768 -0.277494 0)
(-0.0386614 -0.213859 0)
(-0.0143183 -0.135151 0)
(-0.00223827 -0.0465096 0)
(-0.000431224 0.0303252 0)
(-0.00284486 0.0813113 0)
(-0.00782698 0.123002 0)
(-0.0144569 0.156098 0)
(-0.0221013 0.181517 0)
(-0.0303066 0.200278 0)
(-0.0387018 0.213398 0)
(-0.0470121 0.221819 0)
(-0.0550569 0.226358 0)
(-0.0627346 0.22769 0)
(-0.0700062 0.226337 0)
(-0.0768805 0.222681 0)
(-0.0834022 0.216979 0)
(-0.089641 0.209382 0)
(-0.0956838 0.199953 0)
(-0.101628 0.188689 0)
(-0.107576 0.175536 0)
(-0.11363 0.160399 0)
(-0.119887 0.14316 0)
(-0.126435 0.123683 0)
(-0.133347 0.101822 0)
(-0.140674 0.0774364 0)
(-0.148434 0.0503923 0)
(-0.156604 0.0205812 0)
(-0.165102 -0.0120643 0)
(-0.17377 -0.0475455 0)
(-0.182348 -0.0857588 0)
(-0.190449 -0.126441 0)
(-0.197526 -0.16909 0)
(-0.202848 -0.212863 0)
(-0.205488 -0.25644 0)
(-0.204346 -0.297883 0)
(-0.198235 -0.3345 0)
(-0.186049 -0.362797 0)
(-0.16706 -0.378607 0)
(-0.141305 -0.377501 0)
(-0.11002 -0.355578 0)
(-0.0758663 -0.31054 0)
(-0.0428011 -0.242709 0)
(-0.0161495 -0.155393 0)
(-0.00259908 -0.0542705 0)
(-0.000441499 0.0317767 0)
(-0.00290446 0.08522 0)
(-0.00793597 0.128774 0)
(-0.0145092 0.163122 0)
(-0.021909 0.189249 0)
(-0.0296326 0.208277 0)
(-0.0372897 0.221336 0)
(-0.0446096 0.229473 0)
(-0.0514321 0.233599 0)
(-0.0576854 0.23446 0)
(-0.0633642 0.232636 0)
(-0.0685121 0.228551 0)
(-0.0732076 0.222492 0)
(-0.0775533 0.214631 0)
(-0.0816671 0.205046 0)
(-0.0856767 0.193741 0)
(-0.0897146 0.180664 0)
(-0.0939136 0.16572 0)
(-0.0984039 0.148784 0)
(-0.103308 0.129709 0)
(-0.108738 0.108334 0)
(-0.114787 0.0844919 0)
(-0.121525 0.0580171 0)
(-0.128984 0.0287537 0)
(-0.137148 -0.00342976 0)
(-0.145933 -0.038621 0)
(-0.155162 -0.0768299 0)
(-0.164531 -0.11794 0)
(-0.173572 -0.161632 0)
(-0.181613 -0.207273 0)
(-0.187735 -0.253765 0)
(-0.190767 -0.299352 0)
(-0.189322 -0.341415 0)
(-0.181941 -0.376299 0)
(-0.167381 -0.399314 0)
(-0.145068 -0.405041 0)
(-0.115679 -0.388142 0)
(-0.0816003 -0.344679 0)
(-0.0470138 -0.27361 0)
(-0.0181183 -0.177691 0)
(-0.00300835 -0.0630338 0)
(-0.000478104 0.0332849 0)
(-0.00310202 0.0892489 0)
(-0.00836227 0.134615 0)
(-0.0150443 0.170052 0)
(-0.022306 0.196646 0)
(-0.0295791 0.21566 0)
(-0.0364533 0.228371 0)
(-0.0426711 0.235955 0)
(-0.0481063 0.239427 0)
(-0.0527306 0.239616 0)
(-0.0565849 0.237158 0)
(-0.0597579 0.23252 0)
(-0.0623694 0.226017 0)
(-0.0645592 0.217839 0)
(-0.0664793 0.208075 0)
(-0.0682886 0.196736 0)
(-0.0701491 0.183773 0)
(-0.0722228 0.16909 0)
(-0.0746696 0.152558 0)
(-0.077644 0.134021 0)
(-0.0812925 0.113307 0)
(-0.0857485 0.0902305 0)
(-0.091127 0.0645985 0)
(-0.0975155 0.0362175 0)
(-0.104963 0.00490182 0)
(-0.113461 -0.0295114 0)
(-0.122921 -0.0671368 0)
(-0.133143 -0.108001 0)
(-0.143766 -0.151972 0)
(-0.154219 -0.198658 0)
(-0.163657 -0.24724 0)
(-0.170909 -0.296249 0)
(-0.174468 -0.343286 0)
(-0.172575 -0.38472 0)
(-0.163466 -0.415503 0)
(-0.145857 -0.429297 0)
(-0.119662 -0.419189 0)
(-0.0867188 -0.379183 0)
(-0.0512201 -0.306259 0)
(-0.0202274 -0.202054 0)
(-0.0034742 -0.0728819 0)
(-0.000555785 0.0349374 0)
(-0.00350705 0.0935874 0)
(-0.00925549 0.140732 0)
(-0.0162791 0.17705 0)
(-0.0235492 0.203792 0)
(-0.0304159 0.222426 0)
(-0.0364545 0.234422 0)
(-0.0414377 0.241118 0)
(-0.0452934 0.24365 0)
(-0.0480566 0.242931 0)
(-0.0498307 0.239657 0)
(-0.0507613 0.234331 0)
(-0.0510179 0.227291 0)
(-0.0507831 0.21874 0)
(-0.0502453 0.208776 0)
(-0.0495948 0.197412 0)
(-0.0490219 0.1846 0)
(-0.0487154 0.170244 0)
(-0.0488613 0.15421 0)
(-0.0496417 0.136337 0)
(-0.0512332 0.116445 0)
(-0.0538036 0.0943355 0)
(-0.0575086 0.0697957 0)
(-0.0624851 0.0426039 0)
(-0.068842 0.012533 0)
(-0.0766461 -0.0206403 0)
(-0.085901 -0.0571201 0)
(-0.0965163 -0.0970607 0)
(-0.108262 -0.140513 0)
(-0.120707 -0.187331 0)
(-0.133136 -0.237016 0)
(-0.144466 -0.288477 0)
(-0.153168 -0.339686 0)
(-0.157276 -0.387254 0)
(-0.154553 -0.426026 0)
(-0.142948 -0.448923 0)
(-0.121414 -0.447428 0)
(-0.0909159 -0.413105 0)
(-0.0553328 -0.340213 0)
(-0.0224903 -0.22845 0)
(-0.00401016 -0.083905 0)
(-0.000697538 0.036866 0)
(-0.00421958 0.0985097 0)
(-0.0108178 0.147414 0)
(-0.0184896 0.184333 0)
(-0.0259444 0.210793 0)
(-0.0324407 0.228566 0)
(-0.0375573 0.239384 0)
(-0.0411259 0.244783 0)
(-0.0431591 0.246036 0)
(-0.0437811 0.244145 0)
(-0.0431778 0.239857 0)
(-0.041566 0.233704 0)
(-0.0391739 0.226037 0)
(-0.0362316 0.217066 0)
(-0.0329653 0.206887 0)
(-0.0295968 0.195515 0)
(-0.0263421 0.182897 0)
(-0.0234134 0.168933 0)
(-0.0210186 0.153489 0)
(-0.0193623 0.136399 0)
(-0.0186455 0.117477 0)
(-0.0190647 0.0965154 0)
(-0.0208098 0.0732919 0)
(-0.0240604 0.0475655 0)
(-0.0289795 0.019081 0)
(-0.035703 -0.012429 0)
(-0.0443233 -0.0472369 0)
(-0.0548631 -0.0856021 0)
(-0.067233 -0.127735 0)
(-0.0811684 -0.173726 0)
(-0.0961386 -0.22341 0)
(-0.111228 -0.276136 0)
(-0.125002 -0.330388 0)
(-0.135418 -0.383254 0)
(-0.13987 -0.429787 0)
(-0.135553 -0.462485 0)
(-0.120294 -0.471358 0)
(-0.0938268 -0.445246 0)
(-0.0592588 -0.374851 0)
(-0.0249426 -0.256802 0)
(-0.00464047 -0.0962117 0)
(-0.00094074 0.0392684 0)
(-0.00538696 0.104404 0)
(-0.0133238 0.155045 0)
(-0.0220207 0.192163 0)
(-0.0298381 0.217753 0)
(-0.03595 0.234037 0)
(-0.0399788 0.243095 0)
(-0.0418627 0.246706 0)
(-0.0417421 0.246293 0)
(-0.0398641 0.24294 0)
(-0.036521 0.237436 0)
(-0.0320155 0.230324 0)
(-0.0266431 0.221955 0)
(-0.0206847 0.212532 0)
(-0.0144051 0.202143 0)
(-0.00805487 0.190792 0)
(-0.00187273 0.178421 0)
(0.00391051 0.164924 0)
(0.00907 0.150163 0)
(0.0133846 0.13397 0)
(0.0166346 0.116155 0)
(0.0186014 0.0965085 0)
(0.0190677 0.0748023 0)
(0.0178184 0.0507874 0)
(0.0146442 0.0241934 0)
(0.00934801 -0.00527344 0)
(0.00175587 -0.0379303 0)
(-0.00826265 -0.074113 0)
(-0.0207597 -0.114159 0)
(-0.0356518 -0.158363 0)
(-0.0526279 -0.206878 0)
(-0.0710127 -0.259517 0)
(-0.0895853 -0.315384 0)
(-0.106386 -0.372269 0)
(-0.118608 -0.4258 0)
(-0.122788 -0.468502 0)
(-0.11554 -0.489261 0)
(-0.0949942 -0.474103 0)
(-0.0628919 -0.409322 0)
(-0.0276595 -0.286976 0)
(-0.00541025 -0.109951 0)
(-0.00134848 0.0424442 0)
(-0.00723054 0.111813 0)
(-0.0171435 0.164111 0)
(-0.0272858 0.200826 0)
(-0.0355816 0.224729 0)
(-0.0411674 0.238699 0)
(-0.0437865 0.245277 0)
(-0.0435581 0.246526 0)
(-0.0408092 0.244021 0)
(-0.035951 0.238912 0)
(-0.0294078 0.232001 0)
(-0.0215826 0.223822 0)
(-0.0128439 0.214705 0)
(-0.00352433 0.204829 0)
(0.00607519 0.19426 0)
(0.0156796 0.182986 0)
(0.0250329 0.170935 0)
(0.0338918 0.157994 0)
(0.0420209 0.144019 0)
(0.0491883 0.128839 0)
(0.0551626 0.112265 0)
(0.0597097 0.0940893 0)
(0.0625916 0.0740839 0)
(0.0635655 0.0520009 0)
(0.0623843 0.0275675 0)
(0.0587988 0.000480902 0)
(0.0525643 -0.0295976 0)
(0.0434533 -0.0630487 0)
(0.0312804 -0.100296 0)
(0.0159487 -0.141792 0)
(-0.00246773 -0.187964 0)
(-0.023587 -0.23907 0)
(-0.046508 -0.294881 0)
(-0.0695298 -0.354077 0)
(-0.0898736 -0.41324 0)
(-0.103616 -0.465494 0)
(-0.10619 -0.499205 0)
(-0.0937998 -0.497807 0)
(-0.0660847 -0.442463 0)
(-0.030779 -0.31877 0)
(-0.00640406 -0.125351 0)
(-0.00203081 0.0468547 0)
(-0.0100876 0.121477 0)
(-0.0227637 0.175187 0)
(-0.0347315 0.210559 0)
(-0.0434298 0.231631 0)
(-0.0480823 0.242222 0)
(-0.0486904 0.245455 0)
(-0.045664 0.2437 0)
(-0.0395928 0.238664 0)
(-0.0310983 0.231524 0)
(-0.0207605 0.223058 0)
(-0.00909213 0.213756 0)
(0.00346462 0.203896 0)
(0.0165299 0.193614 0)
(0.029774 0.182941 0)
(0.0429054 0.171836 0)
(0.0556593 0.160211 0)
(0.067788 0.147939 0)
(0.0790535 0.134869 0)
(0.0892211 0.120831 0)
(0.0980544 0.105637 0)
(0.105311 0.0890844 0)
(0.110741 0.0709534 0)
(0.11408 0.0510046 0)
(0.115053 0.0289743 0)
(0.113368 0.00456657 0)
(0.108724 -0.022557 0)
(0.100809 -0.052791 0)
(0.0893224 -0.0866028 0)
(0.0740006 -0.124545 0)
(0.0546838 -0.167251 0)
(0.0314355 -0.215357 0)
(0.00475489 -0.269286 0)
(-0.0240872 -0.32871 0)
(-0.0526102 -0.391505 0)
(-0.076752 -0.452044 0)
(-0.0909643 -0.499046 0)
(-0.0893317 -0.514029 0)
(-0.0685697 -0.472649 0)
(-0.034522 -0.351857 0)
(-0.00777734 -0.142789 0)
(-0.0031845 0.0532256 0)
(-0.0144732 0.134386 0)
(-0.0307819 0.188862 0)
(-0.044714 0.221399 0)
(-0.053297 0.23805 0)
(-0.0561097 0.243918 0)
(-0.0536373 0.24281 0)
(-0.046731 0.237388 0)
(-0.0363318 0.229427 0)
(-0.0233142 0.22006 0)
(-0.0084276 0.209983 0)
(0.00770815 0.199591 0)
(0.0245881 0.189081 0)
(0.0417994 0.178519 0)
(0.0589985 0.167885 0)
(0.0758917 0.157101 0)
(0.0922186 0.146053 0)
(0.107739 0.134601 0)
(0.122223 0.122587 0)
(0.135443 0.109839 0)
(0.147165 0.096177 0)
(0.157149 0.0814064 0)
(0.165138 0.065321 0)
(0.170859 0.0476981 0)
(0.174016 0.0282928 0)
(0.174288 0.00682979 0)
(0.171328 -0.0170101 0)
(0.164763 -0.0436077 0)
(0.154194 -0.0734328 0)
(0.139219 -0.107079 0)
(0.119466 -0.145299 0)
(0.094687 -0.189007 0)
(0.0649356 -0.239181 0)
(0.0309103 -0.296477 0)
(-0.00549771 -0.360293 0)
(-0.0405231 -0.42689 0)
(-0.0680635 -0.486461 0)
(-0.0801443 -0.519859 0)
(-0.0697736 -0.497553 0)
(-0.039181 -0.385646 0)
(-0.00980183 -0.162901 0)
(-0.00516532 0.0627237 0)
(-0.0211602 0.151779 0)
(-0.0418039 0.205517 0)
(-0.0571494 0.232864 0)
(-0.0641996 0.242937 0)
(-0.0633979 0.242478 0)
(-0.0560492 0.235994 0)
(-0.0436295 0.226332 0)
(-0.0275108 0.215204 0)
(-0.00883838 0.203591 0)
(0.0114827 0.192018 0)
(0.0327544 0.180729 0)
(0.0544412 0.169799 0)
(0.0761281 0.1592 0)
(0.0974856 0.148846 0)
(0.118242 0.138615 0)
(0.138161 0.128362 0)
(0.157028 0.117933 0)
(0.174635 0.107165 0)
(0.190773 0.0958888 0)
(0.205226 0.0839317 0)
(0.217761 0.0711143 0)
(0.228128 0.0572493 0)
(0.236052 0.0421371 0)
(0.24123 0.0255607 0)
(0.243325 0.00727655 0)
(0.241962 -0.0130002 0)
(0.236722 -0.035613 0)
(0.22714 -0.0609989 0)
(0.212704 -0.0897361 0)
(0.192874 -0.122609 0)
(0.167121 -0.160678 0)
(0.135062 -0.205307 0)
(0.0967363 -0.257999 0)
(0.0531783 -0.319709 0)
(0.007328 -0.38909 0)
(-0.0348628 -0.459056 0)
(-0.0638412 -0.511705 0)
(-0.0684158 -0.513764 0)
(-0.0449765 -0.418934 0)
(-0.0129014 -0.186683 0)
(-0.00859918 0.0772405 0)
(-0.0312177 0.174999 0)
(-0.056028 0.224813 0)
(-0.0706127 0.243348 0)
(-0.0730392 0.244093 0)
(-0.065474 0.235608 0)
(-0.0504656 0.222905 0)
(-0.0302699 0.208751 0)
(-0.00670321 0.194569 0)
(0.0188718 0.181024 0)
(0.0454715 0.168363 0)
(0.0723959 0.156616 0)
(0.0991473 0.145697 0)
(0.125366 0.135468 0)
(0.150782 0.125766 0)
(0.175182 0.116421 0)
(0.198385 0.107263 0)
(0.220223 0.0981243 0)
(0.240529 0.0888398 0)
(0.259129 0.0792488 0)
(0.275835 0.0691919 0)
(0.290439 0.0585094 0)
(0.302706 0.0470384 0)
(0.312375 0.0346091 0)
(0.319146 0.0210396 0)
(0.322681 0.00612712 0)
(0.322595 -0.0103694 0)
(0.318452 -0.0287364 0)
(0.309746 -0.0493505 0)
(0.295898 -0.0727273 0)
(0.276245 -0.0996012 0)
(0.250045 -0.13104 0)
(0.216528 -0.168579 0)
(0.175072 -0.214284 0)
(0.125667 -0.270454 0)
(0.0698887 -0.338323 0)
(0.0125387 -0.41467 0)
(-0.0363675 -0.485306 0)
(-0.0616747 -0.516286 0)
(-0.0515148 -0.449187 0)
(-0.017557 -0.215497 0)
(-0.014447 0.0998374 0)
(-0.0456841 0.20485 0)
(-0.0718471 0.24451 0)
(-0.0800982 0.24907 0)
(-0.0720469 0.237456 0)
(-0.0527556 0.21967 0)
(-0.0263248 0.200611 0)
(0.00426104 0.182456 0)
(0.0369258 0.165998 0)
(0.0702992 0.151383 0)
(0.103506 0.13848 0)
(0.135998 0.12705 0)
(0.16743 0.116831 0)
(0.197585 0.10757 0)
(0.226319 0.0990346 0)
(0.253524 0.0910166 0)
(0.279108 0.0833273 0)
(0.302976 0.075796 0)
(0.325024 0.068266 0)
(0.345129 0.0605912 0)
(0.363147 0.052633 0)
(0.378902 0.0442572 0)
(0.392193 0.0353311 0)
(0.402782 0.0257197 0)
(0.41039 0.0152817 0)
(0.414692 0.00386202 0)
(0.415319 -0.00873037 0)
(0.411841 -0.0227125 0)
(0.403746 -0.0383818 0)
(0.390431 -0.0561565 0)
(0.371173 -0.0766542 0)
(0.345094 -0.100823 0)
(0.31114 -0.130136 0)
(0.268113 -0.166836 0)
(0.214923 -0.214064 0)
(0.151352 -0.275325 0)
(0.07991 -0.351916 0)
(0.00913792 -0.436034 0)
(-0.0435559 -0.497989 0)
(-0.0563221 -0.471329 0)
(-0.0237271 -0.251148 0)
(-0.023556 0.135752 0)
(-0.0636153 0.239393 0)
(-0.0814449 0.257526 0)
(-0.0716503 0.241985 0)
(-0.04378 0.216108 0)
(-0.00646172 0.189491 0)
(0.035097 0.165637 0)
(0.0778194 0.145371 0)
(0.119954 0.128475 0)
(0.160581 0.114425 0)
(0.199264 0.102665 0)
(0.23583 0.0926992 0)
(0.270243 0.0841178 0)
(0.302527 0.0765863 0)
(0.33273 0.0698339 0)
(0.360894 0.0636393 0)
(0.387044 0.0578188 0)
(0.411179 0.0522164 0)
(0.433271 0.0466969 0)
(0.453258 0.0411402 0)
(0.471049 0.0354368 0)
(0.486514 0.0294849 0)
(0.49949 0.0231868 0)
(0.509778 0.0164457 0)
(0.517138 0.00916094 0)
(0.52127 0.00122225 0)
(0.521849 -0.00747804 0)
(0.518481 -0.017108 0)
(0.510684 -0.0278765 0)
(0.49788 -0.0400801 0)
(0.479353 -0.0541741 0)
(0.454187 -0.0708866 0)
(0.42118 -0.0914179 0)
(0.378744 -0.117765 0)
(0.324872 -0.153171 0)
(0.257438 -0.202438 0)
(0.175662 -0.270963 0)
(0.0840335 -0.359392 0)
(-0.00205617 -0.449022 0)
(-0.0518908 -0.475706 0)
(-0.0290627 -0.296049 0)
(-0.0334251 0.193129 0)
(-0.0741322 0.267706 0)
(-0.0580893 0.245969 0)
(-0.0106307 0.207047 0)
(0.0473613 0.170053 0)
(0.106667 0.139407 0)
(0.163449 0.115429 0)
(0.216161 0.0970092 0)
(0.264433 0.0828215 0)
(0.308445 0.0717542 0)
(0.348572 0.0629669 0)
(0.385224 0.055842 0)
(0.418778 0.0499288 0)
(0.449555 0.0448967 0)
(0.477813 0.0405001 0)
(0.503746 0.0365527 0)
(0.527495 0.0329092 0)
(0.549146 0.0294531 0)
(0.568738 0.0260884 0)
(0.586269 0.0227333 0)
(0.601695 0.0193164 0)
(0.614934 0.0157735 0)
(0.625869 0.0120451 0)
(0.634343 0.00807382 0)
(0.640161 0.00380126 0)
(0.643101 -0.000837107 0)
(0.642884 -0.00589303 0)
(0.63916 -0.0114672 0)
(0.63154 -0.0176806 0)
(0.619531 -0.024707 0)
(0.6025 -0.032821 0)
(0.579605 -0.0424764 0)
(0.549672 -0.0544546 0)
(0.511 -0.0701452 0)
(0.461071 -0.0920696 0)
(0.396266 -0.124746 0)
(0.312268 -0.175561 0)
(0.20683 -0.253299 0)
(0.0856357 -0.357163 0)
(-0.0196495 -0.443387 0)
(-0.0232896 -0.345078 0)
(-0.0137676 0.25693 0)
(-0.0202922 0.256069 0)
(0.0757666 0.18493 0)
(0.177553 0.132926 0)
(0.263985 0.0973569 0)
(0.336406 0.0727182 0)
(0.397377 0.0558126 0)
(0.44893 0.0441888 0)
(0.492921 0.0360327 0)
(0.53093 0.0301413 0)
(0.564178 0.0257482 0)
(0.593575 0.022362 0)
(0.619798 0.019662 0)
(0.643345 0.0174344 0)
(0.664581 0.0155332 0)
(0.68377 0.0138553 0)
(0.701093 0.0123252 0)
(0.716672 0.0108857 0)
(0.730576 0.00949136 0)
(0.742829 0.0081054 0)
(0.75342 0.00669664 0)
(0.762303 0.00523799 0)
(0.769402 0.0037051 0)
(0.774613 0.00207538 0)
(0.7778 0.000328007 0)
(0.778811 -0.00155375 0)
(0.777448 -0.00361111 0)
(0.773471 -0.00586965 0)
(0.766604 -0.00837553 0)
(0.756496 -0.0112005 0)
(0.742689 -0.0144595 0)
(0.724553 -0.018347 0)
(0.70117 -0.0232088 0)
(0.671117 -0.0296904 0)
(0.632064 -0.0390676 0)
(0.580056 -0.0540012 0)
(0.508587 -0.0801841 0)
(0.40794 -0.129088 0)
(0.264457 -0.217112 0)
(0.0916228 -0.338252 0)
(0.0361156 -0.345483 0)
(0.27635 0.144913 0)
(0.354055 0.123515 0)
(0.503992 0.0767618 0)
(0.614426 0.0473986 0)
(0.683969 0.0300849 0)
(0.731175 0.0195855 0)
(0.765751 0.0132304 0)
(0.792143 0.00938805 0)
(0.812994 0.00701653 0)
(0.830033 0.00549638 0)
(0.844355 0.00447528 0)
(0.856654 0.00375286 0)
(0.867382 0.00321321 0)
(0.876841 0.00278779 0)
(0.885238 0.00243483 0)
(0.892711 0.00212776 0)
(0.899353 0.00184886 0)
(0.905223 0.00158563 0)
(0.910352 0.00132877 0)
(0.914752 0.00107109 0)
(0.918416 0.000806721 0)
(0.921323 0.00053077 0)
(0.92344 0.000238942 0)
(0.924721 -7.2651e-05 0)
(0.92511 -0.000406974 0)
(0.924538 -0.000762079 0)
(0.922922 -0.00115253 0)
(0.920169 -0.00158054 0)
(0.916164 -0.00205326 0)
(0.910765 -0.00258444 0)
(0.903778 -0.00319689 0)
(0.894936 -0.00393023 0)
(0.883833 -0.00485675 0)
(0.869808 -0.00611627 0)
(0.851701 -0.00800224 0)
(0.827269 -0.0111913 0)
(0.791882 -0.0173793 0)
(0.735423 -0.0310112 0)
(0.630416 -0.0624798 0)
(0.445925 -0.124307 0)
(0.319059 -0.158314 0)
)
;

boundaryField
{
    movingWall
    {
        type            fixedValue;
        value           uniform (1 0 0);
    }
    fixedWalls
    {
        type            fixedValue;
        value           uniform (0 0 0);
    }
    frontAndBack
    {
        type            empty;
    }
}


// ************************************************************************* //
