/*--------------------------------*- C++ -*----------------------------------*\
| =========                 |                                                 |
| \\      /  F ield         | OpenFOAM: The Open Source CFD Toolbox           |
|  \\    /   O peration     | Version:  2.1.1                                 |
|   \\  /    A nd           | Web:      www.OpenFOAM.org                      |
|    \\/     M anipulation  |                                                 |
\*---------------------------------------------------------------------------*/
FoamFile
{
    version     2.0;
    format      ascii;
    class       labelList;
    note        "nPoints: 13448 nCells: 6561 nFaces: 26406 nInternalFaces: 12960";
    location    "constant/polyMesh";
    object      neighbour;
}
// * * * * * * * * * * * * * * * * * * * * * * * * * * * * * * * * * * * * * //


12960
(
1
81
2
82
3
83
4
84
5
85
6
86
7
87
8
88
9
89
10
90
11
91
12
92
13
93
14
94
15
95
16
96
17
97
18
98
19
99
20
100
21
101
22
102
23
103
24
104
25
105
26
106
27
107
28
108
29
109
30
110
31
111
32
112
33
113
34
114
35
115
36
116
37
117
38
118
39
119
40
120
41
121
42
122
43
123
44
124
45
125
46
126
47
127
48
128
49
129
50
130
51
131
52
132
53
133
54
134
55
135
56
136
57
137
58
138
59
139
60
140
61
141
62
142
63
143
64
144
65
145
66
146
67
147
68
148
69
149
70
150
71
151
72
152
73
153
74
154
75
155
76
156
77
157
78
158
79
159
80
160
161
82
162
83
163
84
164
85
165
86
166
87
167
88
168
89
169
90
170
91
171
92
172
93
173
94
174
95
175
96
176
97
177
98
178
99
179
100
180
101
181
102
182
103
183
104
184
105
185
106
186
107
187
108
188
109
189
110
190
111
191
112
192
113
193
114
194
115
195
116
196
117
197
118
198
119
199
120
200
121
201
122
202
123
203
124
204
125
205
126
206
127
207
128
208
129
209
130
210
131
211
132
212
133
213
134
214
135
215
136
216
137
217
138
218
139
219
140
220
141
221
142
222
143
223
144
224
145
225
146
226
147
227
148
228
149
229
150
230
151
231
152
232
153
233
154
234
155
235
156
236
157
237
158
238
159
239
160
240
161
241
242
163
243
164
244
165
245
166
246
167
247
168
248
169
249
170
250
171
251
172
252
173
253
174
254
175
255
176
256
177
257
178
258
179
259
180
260
181
261
182
262
183
263
184
264
185
265
186
266
187
267
188
268
189
269
190
270
191
271
192
272
193
273
194
274
195
275
196
276
197
277
198
278
199
279
200
280
201
281
202
282
203
283
204
284
205
285
206
286
207
287
208
288
209
289
210
290
211
291
212
292
213
293
214
294
215
295
216
296
217
297
218
298
219
299
220
300
221
301
222
302
223
303
224
304
225
305
226
306
227
307
228
308
229
309
230
310
231
311
232
312
233
313
234
314
235
315
236
316
237
317
238
318
239
319
240
320
241
321
242
322
323
244
324
245
325
246
326
247
327
248
328
249
329
250
330
251
331
252
332
253
333
254
334
255
335
256
336
257
337
258
338
259
339
260
340
261
341
262
342
263
343
264
344
265
345
266
346
267
347
268
348
269
349
270
350
271
351
272
352
273
353
274
354
275
355
276
356
277
357
278
358
279
359
280
360
281
361
282
362
283
363
284
364
285
365
286
366
287
367
288
368
289
369
290
370
291
371
292
372
293
373
294
374
295
375
296
376
297
377
298
378
299
379
300
380
301
381
302
382
303
383
304
384
305
385
306
386
307
387
308
388
309
389
310
390
311
391
312
392
313
393
314
394
315
395
316
396
317
397
318
398
319
399
320
400
321
401
322
402
323
403
404
325
405
326
406
327
407
328
408
329
409
330
410
331
411
332
412
333
413
334
414
335
415
336
416
337
417
338
418
339
419
340
420
341
421
342
422
343
423
344
424
345
425
346
426
347
427
348
428
349
429
350
430
351
431
352
432
353
433
354
434
355
435
356
436
357
437
358
438
359
439
360
440
361
441
362
442
363
443
364
444
365
445
366
446
367
447
368
448
369
449
370
450
371
451
372
452
373
453
374
454
375
455
376
456
377
457
378
458
379
459
380
460
381
461
382
462
383
463
384
464
385
465
386
466
387
467
388
468
389
469
390
470
391
471
392
472
393
473
394
474
395
475
396
476
397
477
398
478
399
479
400
480
401
481
402
482
403
483
404
484
485
406
486
407
487
408
488
409
489
410
490
411
491
412
492
413
493
414
494
415
495
416
496
417
497
418
498
419
499
420
500
421
501
422
502
423
503
424
504
425
505
426
506
427
507
428
508
429
509
430
510
431
511
432
512
433
513
434
514
435
515
436
516
437
517
438
518
439
519
440
520
441
521
442
522
443
523
444
524
445
525
446
526
447
527
448
528
449
529
450
530
451
531
452
532
453
533
454
534
455
535
456
536
457
537
458
538
459
539
460
540
461
541
462
542
463
543
464
544
465
545
466
546
467
547
468
548
469
549
470
550
471
551
472
552
473
553
474
554
475
555
476
556
477
557
478
558
479
559
480
560
481
561
482
562
483
563
484
564
485
565
566
487
567
488
568
489
569
490
570
491
571
492
572
493
573
494
574
495
575
496
576
497
577
498
578
499
579
500
580
501
581
502
582
503
583
504
584
505
585
506
586
507
587
508
588
509
589
510
590
511
591
512
592
513
593
514
594
515
595
516
596
517
597
518
598
519
599
520
600
521
601
522
602
523
603
524
604
525
605
526
606
527
607
528
608
529
609
530
610
531
611
532
612
533
613
534
614
535
615
536
616
537
617
538
618
539
619
540
620
541
621
542
622
543
623
544
624
545
625
546
626
547
627
548
628
549
629
550
630
551
631
552
632
553
633
554
634
555
635
556
636
557
637
558
638
559
639
560
640
561
641
562
642
563
643
564
644
565
645
566
646
647
568
648
569
649
570
650
571
651
572
652
573
653
574
654
575
655
576
656
577
657
578
658
579
659
580
660
581
661
582
662
583
663
584
664
585
665
586
666
587
667
588
668
589
669
590
670
591
671
592
672
593
673
594
674
595
675
596
676
597
677
598
678
599
679
600
680
601
681
602
682
603
683
604
684
605
685
606
686
607
687
608
688
609
689
610
690
611
691
612
692
613
693
614
694
615
695
616
696
617
697
618
698
619
699
620
700
621
701
622
702
623
703
624
704
625
705
626
706
627
707
628
708
629
709
630
710
631
711
632
712
633
713
634
714
635
715
636
716
637
717
638
718
639
719
640
720
641
721
642
722
643
723
644
724
645
725
646
726
647
727
728
649
729
650
730
651
731
652
732
653
733
654
734
655
735
656
736
657
737
658
738
659
739
660
740
661
741
662
742
663
743
664
744
665
745
666
746
667
747
668
748
669
749
670
750
671
751
672
752
673
753
674
754
675
755
676
756
677
757
678
758
679
759
680
760
681
761
682
762
683
763
684
764
685
765
686
766
687
767
688
768
689
769
690
770
691
771
692
772
693
773
694
774
695
775
696
776
697
777
698
778
699
779
700
780
701
781
702
782
703
783
704
784
705
785
706
786
707
787
708
788
709
789
710
790
711
791
712
792
713
793
714
794
715
795
716
796
717
797
718
798
719
799
720
800
721
801
722
802
723
803
724
804
725
805
726
806
727
807
728
808
809
730
810
731
811
732
812
733
813
734
814
735
815
736
816
737
817
738
818
739
819
740
820
741
821
742
822
743
823
744
824
745
825
746
826
747
827
748
828
749
829
750
830
751
831
752
832
753
833
754
834
755
835
756
836
757
837
758
838
759
839
760
840
761
841
762
842
763
843
764
844
765
845
766
846
767
847
768
848
769
849
770
850
771
851
772
852
773
853
774
854
775
855
776
856
777
857
778
858
779
859
780
860
781
861
782
862
783
863
784
864
785
865
786
866
787
867
788
868
789
869
790
870
791
871
792
872
793
873
794
874
795
875
796
876
797
877
798
878
799
879
800
880
801
881
802
882
803
883
804
884
805
885
806
886
807
887
808
888
809
889
890
811
891
812
892
813
893
814
894
815
895
816
896
817
897
818
898
819
899
820
900
821
901
822
902
823
903
824
904
825
905
826
906
827
907
828
908
829
909
830
910
831
911
832
912
833
913
834
914
835
915
836
916
837
917
838
918
839
919
840
920
841
921
842
922
843
923
844
924
845
925
846
926
847
927
848
928
849
929
850
930
851
931
852
932
853
933
854
934
855
935
856
936
857
937
858
938
859
939
860
940
861
941
862
942
863
943
864
944
865
945
866
946
867
947
868
948
869
949
870
950
871
951
872
952
873
953
874
954
875
955
876
956
877
957
878
958
879
959
880
960
881
961
882
962
883
963
884
964
885
965
886
966
887
967
888
968
889
969
890
970
971
892
972
893
973
894
974
895
975
896
976
897
977
898
978
899
979
900
980
901
981
902
982
903
983
904
984
905
985
906
986
907
987
908
988
909
989
910
990
911
991
912
992
913
993
914
994
915
995
916
996
917
997
918
998
919
999
920
1000
921
1001
922
1002
923
1003
924
1004
925
1005
926
1006
927
1007
928
1008
929
1009
930
1010
931
1011
932
1012
933
1013
934
1014
935
1015
936
1016
937
1017
938
1018
939
1019
940
1020
941
1021
942
1022
943
1023
944
1024
945
1025
946
1026
947
1027
948
1028
949
1029
950
1030
951
1031
952
1032
953
1033
954
1034
955
1035
956
1036
957
1037
958
1038
959
1039
960
1040
961
1041
962
1042
963
1043
964
1044
965
1045
966
1046
967
1047
968
1048
969
1049
970
1050
971
1051
1052
973
1053
974
1054
975
1055
976
1056
977
1057
978
1058
979
1059
980
1060
981
1061
982
1062
983
1063
984
1064
985
1065
986
1066
987
1067
988
1068
989
1069
990
1070
991
1071
992
1072
993
1073
994
1074
995
1075
996
1076
997
1077
998
1078
999
1079
1000
1080
1001
1081
1002
1082
1003
1083
1004
1084
1005
1085
1006
1086
1007
1087
1008
1088
1009
1089
1010
1090
1011
1091
1012
1092
1013
1093
1014
1094
1015
1095
1016
1096
1017
1097
1018
1098
1019
1099
1020
1100
1021
1101
1022
1102
1023
1103
1024
1104
1025
1105
1026
1106
1027
1107
1028
1108
1029
1109
1030
1110
1031
1111
1032
1112
1033
1113
1034
1114
1035
1115
1036
1116
1037
1117
1038
1118
1039
1119
1040
1120
1041
1121
1042
1122
1043
1123
1044
1124
1045
1125
1046
1126
1047
1127
1048
1128
1049
1129
1050
1130
1051
1131
1052
1132
1133
1054
1134
1055
1135
1056
1136
1057
1137
1058
1138
1059
1139
1060
1140
1061
1141
1062
1142
1063
1143
1064
1144
1065
1145
1066
1146
1067
1147
1068
1148
1069
1149
1070
1150
1071
1151
1072
1152
1073
1153
1074
1154
1075
1155
1076
1156
1077
1157
1078
1158
1079
1159
1080
1160
1081
1161
1082
1162
1083
1163
1084
1164
1085
1165
1086
1166
1087
1167
1088
1168
1089
1169
1090
1170
1091
1171
1092
1172
1093
1173
1094
1174
1095
1175
1096
1176
1097
1177
1098
1178
1099
1179
1100
1180
1101
1181
1102
1182
1103
1183
1104
1184
1105
1185
1106
1186
1107
1187
1108
1188
1109
1189
1110
1190
1111
1191
1112
1192
1113
1193
1114
1194
1115
1195
1116
1196
1117
1197
1118
1198
1119
1199
1120
1200
1121
1201
1122
1202
1123
1203
1124
1204
1125
1205
1126
1206
1127
1207
1128
1208
1129
1209
1130
1210
1131
1211
1132
1212
1133
1213
1214
1135
1215
1136
1216
1137
1217
1138
1218
1139
1219
1140
1220
1141
1221
1142
1222
1143
1223
1144
1224
1145
1225
1146
1226
1147
1227
1148
1228
1149
1229
1150
1230
1151
1231
1152
1232
1153
1233
1154
1234
1155
1235
1156
1236
1157
1237
1158
1238
1159
1239
1160
1240
1161
1241
1162
1242
1163
1243
1164
1244
1165
1245
1166
1246
1167
1247
1168
1248
1169
1249
1170
1250
1171
1251
1172
1252
1173
1253
1174
1254
1175
1255
1176
1256
1177
1257
1178
1258
1179
1259
1180
1260
1181
1261
1182
1262
1183
1263
1184
1264
1185
1265
1186
1266
1187
1267
1188
1268
1189
1269
1190
1270
1191
1271
1192
1272
1193
1273
1194
1274
1195
1275
1196
1276
1197
1277
1198
1278
1199
1279
1200
1280
1201
1281
1202
1282
1203
1283
1204
1284
1205
1285
1206
1286
1207
1287
1208
1288
1209
1289
1210
1290
1211
1291
1212
1292
1213
1293
1214
1294
1295
1216
1296
1217
1297
1218
1298
1219
1299
1220
1300
1221
1301
1222
1302
1223
1303
1224
1304
1225
1305
1226
1306
1227
1307
1228
1308
1229
1309
1230
1310
1231
1311
1232
1312
1233
1313
1234
1314
1235
1315
1236
1316
1237
1317
1238
1318
1239
1319
1240
1320
1241
1321
1242
1322
1243
1323
1244
1324
1245
1325
1246
1326
1247
1327
1248
1328
1249
1329
1250
1330
1251
1331
1252
1332
1253
1333
1254
1334
1255
1335
1256
1336
1257
1337
1258
1338
1259
1339
1260
1340
1261
1341
1262
1342
1263
1343
1264
1344
1265
1345
1266
1346
1267
1347
1268
1348
1269
1349
1270
1350
1271
1351
1272
1352
1273
1353
1274
1354
1275
1355
1276
1356
1277
1357
1278
1358
1279
1359
1280
1360
1281
1361
1282
1362
1283
1363
1284
1364
1285
1365
1286
1366
1287
1367
1288
1368
1289
1369
1290
1370
1291
1371
1292
1372
1293
1373
1294
1374
1295
1375
1376
1297
1377
1298
1378
1299
1379
1300
1380
1301
1381
1302
1382
1303
1383
1304
1384
1305
1385
1306
1386
1307
1387
1308
1388
1309
1389
1310
1390
1311
1391
1312
1392
1313
1393
1314
1394
1315
1395
1316
1396
1317
1397
1318
1398
1319
1399
1320
1400
1321
1401
1322
1402
1323
1403
1324
1404
1325
1405
1326
1406
1327
1407
1328
1408
1329
1409
1330
1410
1331
1411
1332
1412
1333
1413
1334
1414
1335
1415
1336
1416
1337
1417
1338
1418
1339
1419
1340
1420
1341
1421
1342
1422
1343
1423
1344
1424
1345
1425
1346
1426
1347
1427
1348
1428
1349
1429
1350
1430
1351
1431
1352
1432
1353
1433
1354
1434
1355
1435
1356
1436
1357
1437
1358
1438
1359
1439
1360
1440
1361
1441
1362
1442
1363
1443
1364
1444
1365
1445
1366
1446
1367
1447
1368
1448
1369
1449
1370
1450
1371
1451
1372
1452
1373
1453
1374
1454
1375
1455
1376
1456
1457
1378
1458
1379
1459
1380
1460
1381
1461
1382
1462
1383
1463
1384
1464
1385
1465
1386
1466
1387
1467
1388
1468
1389
1469
1390
1470
1391
1471
1392
1472
1393
1473
1394
1474
1395
1475
1396
1476
1397
1477
1398
1478
1399
1479
1400
1480
1401
1481
1402
1482
1403
1483
1404
1484
1405
1485
1406
1486
1407
1487
1408
1488
1409
1489
1410
1490
1411
1491
1412
1492
1413
1493
1414
1494
1415
1495
1416
1496
1417
1497
1418
1498
1419
1499
1420
1500
1421
1501
1422
1502
1423
1503
1424
1504
1425
1505
1426
1506
1427
1507
1428
1508
1429
1509
1430
1510
1431
1511
1432
1512
1433
1513
1434
1514
1435
1515
1436
1516
1437
1517
1438
1518
1439
1519
1440
1520
1441
1521
1442
1522
1443
1523
1444
1524
1445
1525
1446
1526
1447
1527
1448
1528
1449
1529
1450
1530
1451
1531
1452
1532
1453
1533
1454
1534
1455
1535
1456
1536
1457
1537
1538
1459
1539
1460
1540
1461
1541
1462
1542
1463
1543
1464
1544
1465
1545
1466
1546
1467
1547
1468
1548
1469
1549
1470
1550
1471
1551
1472
1552
1473
1553
1474
1554
1475
1555
1476
1556
1477
1557
1478
1558
1479
1559
1480
1560
1481
1561
1482
1562
1483
1563
1484
1564
1485
1565
1486
1566
1487
1567
1488
1568
1489
1569
1490
1570
1491
1571
1492
1572
1493
1573
1494
1574
1495
1575
1496
1576
1497
1577
1498
1578
1499
1579
1500
1580
1501
1581
1502
1582
1503
1583
1504
1584
1505
1585
1506
1586
1507
1587
1508
1588
1509
1589
1510
1590
1511
1591
1512
1592
1513
1593
1514
1594
1515
1595
1516
1596
1517
1597
1518
1598
1519
1599
1520
1600
1521
1601
1522
1602
1523
1603
1524
1604
1525
1605
1526
1606
1527
1607
1528
1608
1529
1609
1530
1610
1531
1611
1532
1612
1533
1613
1534
1614
1535
1615
1536
1616
1537
1617
1538
1618
1619
1540
1620
1541
1621
1542
1622
1543
1623
1544
1624
1545
1625
1546
1626
1547
1627
1548
1628
1549
1629
1550
1630
1551
1631
1552
1632
1553
1633
1554
1634
1555
1635
1556
1636
1557
1637
1558
1638
1559
1639
1560
1640
1561
1641
1562
1642
1563
1643
1564
1644
1565
1645
1566
1646
1567
1647
1568
1648
1569
1649
1570
1650
1571
1651
1572
1652
1573
1653
1574
1654
1575
1655
1576
1656
1577
1657
1578
1658
1579
1659
1580
1660
1581
1661
1582
1662
1583
1663
1584
1664
1585
1665
1586
1666
1587
1667
1588
1668
1589
1669
1590
1670
1591
1671
1592
1672
1593
1673
1594
1674
1595
1675
1596
1676
1597
1677
1598
1678
1599
1679
1600
1680
1601
1681
1602
1682
1603
1683
1604
1684
1605
1685
1606
1686
1607
1687
1608
1688
1609
1689
1610
1690
1611
1691
1612
1692
1613
1693
1614
1694
1615
1695
1616
1696
1617
1697
1618
1698
1619
1699
1700
1621
1701
1622
1702
1623
1703
1624
1704
1625
1705
1626
1706
1627
1707
1628
1708
1629
1709
1630
1710
1631
1711
1632
1712
1633
1713
1634
1714
1635
1715
1636
1716
1637
1717
1638
1718
1639
1719
1640
1720
1641
1721
1642
1722
1643
1723
1644
1724
1645
1725
1646
1726
1647
1727
1648
1728
1649
1729
1650
1730
1651
1731
1652
1732
1653
1733
1654
1734
1655
1735
1656
1736
1657
1737
1658
1738
1659
1739
1660
1740
1661
1741
1662
1742
1663
1743
1664
1744
1665
1745
1666
1746
1667
1747
1668
1748
1669
1749
1670
1750
1671
1751
1672
1752
1673
1753
1674
1754
1675
1755
1676
1756
1677
1757
1678
1758
1679
1759
1680
1760
1681
1761
1682
1762
1683
1763
1684
1764
1685
1765
1686
1766
1687
1767
1688
1768
1689
1769
1690
1770
1691
1771
1692
1772
1693
1773
1694
1774
1695
1775
1696
1776
1697
1777
1698
1778
1699
1779
1700
1780
1781
1702
1782
1703
1783
1704
1784
1705
1785
1706
1786
1707
1787
1708
1788
1709
1789
1710
1790
1711
1791
1712
1792
1713
1793
1714
1794
1715
1795
1716
1796
1717
1797
1718
1798
1719
1799
1720
1800
1721
1801
1722
1802
1723
1803
1724
1804
1725
1805
1726
1806
1727
1807
1728
1808
1729
1809
1730
1810
1731
1811
1732
1812
1733
1813
1734
1814
1735
1815
1736
1816
1737
1817
1738
1818
1739
1819
1740
1820
1741
1821
1742
1822
1743
1823
1744
1824
1745
1825
1746
1826
1747
1827
1748
1828
1749
1829
1750
1830
1751
1831
1752
1832
1753
1833
1754
1834
1755
1835
1756
1836
1757
1837
1758
1838
1759
1839
1760
1840
1761
1841
1762
1842
1763
1843
1764
1844
1765
1845
1766
1846
1767
1847
1768
1848
1769
1849
1770
1850
1771
1851
1772
1852
1773
1853
1774
1854
1775
1855
1776
1856
1777
1857
1778
1858
1779
1859
1780
1860
1781
1861
1862
1783
1863
1784
1864
1785
1865
1786
1866
1787
1867
1788
1868
1789
1869
1790
1870
1791
1871
1792
1872
1793
1873
1794
1874
1795
1875
1796
1876
1797
1877
1798
1878
1799
1879
1800
1880
1801
1881
1802
1882
1803
1883
1804
1884
1805
1885
1806
1886
1807
1887
1808
1888
1809
1889
1810
1890
1811
1891
1812
1892
1813
1893
1814
1894
1815
1895
1816
1896
1817
1897
1818
1898
1819
1899
1820
1900
1821
1901
1822
1902
1823
1903
1824
1904
1825
1905
1826
1906
1827
1907
1828
1908
1829
1909
1830
1910
1831
1911
1832
1912
1833
1913
1834
1914
1835
1915
1836
1916
1837
1917
1838
1918
1839
1919
1840
1920
1841
1921
1842
1922
1843
1923
1844
1924
1845
1925
1846
1926
1847
1927
1848
1928
1849
1929
1850
1930
1851
1931
1852
1932
1853
1933
1854
1934
1855
1935
1856
1936
1857
1937
1858
1938
1859
1939
1860
1940
1861
1941
1862
1942
1943
1864
1944
1865
1945
1866
1946
1867
1947
1868
1948
1869
1949
1870
1950
1871
1951
1872
1952
1873
1953
1874
1954
1875
1955
1876
1956
1877
1957
1878
1958
1879
1959
1880
1960
1881
1961
1882
1962
1883
1963
1884
1964
1885
1965
1886
1966
1887
1967
1888
1968
1889
1969
1890
1970
1891
1971
1892
1972
1893
1973
1894
1974
1895
1975
1896
1976
1897
1977
1898
1978
1899
1979
1900
1980
1901
1981
1902
1982
1903
1983
1904
1984
1905
1985
1906
1986
1907
1987
1908
1988
1909
1989
1910
1990
1911
1991
1912
1992
1913
1993
1914
1994
1915
1995
1916
1996
1917
1997
1918
1998
1919
1999
1920
2000
1921
2001
1922
2002
1923
2003
1924
2004
1925
2005
1926
2006
1927
2007
1928
2008
1929
2009
1930
2010
1931
2011
1932
2012
1933
2013
1934
2014
1935
2015
1936
2016
1937
2017
1938
2018
1939
2019
1940
2020
1941
2021
1942
2022
1943
2023
2024
1945
2025
1946
2026
1947
2027
1948
2028
1949
2029
1950
2030
1951
2031
1952
2032
1953
2033
1954
2034
1955
2035
1956
2036
1957
2037
1958
2038
1959
2039
1960
2040
1961
2041
1962
2042
1963
2043
1964
2044
1965
2045
1966
2046
1967
2047
1968
2048
1969
2049
1970
2050
1971
2051
1972
2052
1973
2053
1974
2054
1975
2055
1976
2056
1977
2057
1978
2058
1979
2059
1980
2060
1981
2061
1982
2062
1983
2063
1984
2064
1985
2065
1986
2066
1987
2067
1988
2068
1989
2069
1990
2070
1991
2071
1992
2072
1993
2073
1994
2074
1995
2075
1996
2076
1997
2077
1998
2078
1999
2079
2000
2080
2001
2081
2002
2082
2003
2083
2004
2084
2005
2085
2006
2086
2007
2087
2008
2088
2009
2089
2010
2090
2011
2091
2012
2092
2013
2093
2014
2094
2015
2095
2016
2096
2017
2097
2018
2098
2019
2099
2020
2100
2021
2101
2022
2102
2023
2103
2024
2104
2105
2026
2106
2027
2107
2028
2108
2029
2109
2030
2110
2031
2111
2032
2112
2033
2113
2034
2114
2035
2115
2036
2116
2037
2117
2038
2118
2039
2119
2040
2120
2041
2121
2042
2122
2043
2123
2044
2124
2045
2125
2046
2126
2047
2127
2048
2128
2049
2129
2050
2130
2051
2131
2052
2132
2053
2133
2054
2134
2055
2135
2056
2136
2057
2137
2058
2138
2059
2139
2060
2140
2061
2141
2062
2142
2063
2143
2064
2144
2065
2145
2066
2146
2067
2147
2068
2148
2069
2149
2070
2150
2071
2151
2072
2152
2073
2153
2074
2154
2075
2155
2076
2156
2077
2157
2078
2158
2079
2159
2080
2160
2081
2161
2082
2162
2083
2163
2084
2164
2085
2165
2086
2166
2087
2167
2088
2168
2089
2169
2090
2170
2091
2171
2092
2172
2093
2173
2094
2174
2095
2175
2096
2176
2097
2177
2098
2178
2099
2179
2100
2180
2101
2181
2102
2182
2103
2183
2104
2184
2105
2185
2186
2107
2187
2108
2188
2109
2189
2110
2190
2111
2191
2112
2192
2113
2193
2114
2194
2115
2195
2116
2196
2117
2197
2118
2198
2119
2199
2120
2200
2121
2201
2122
2202
2123
2203
2124
2204
2125
2205
2126
2206
2127
2207
2128
2208
2129
2209
2130
2210
2131
2211
2132
2212
2133
2213
2134
2214
2135
2215
2136
2216
2137
2217
2138
2218
2139
2219
2140
2220
2141
2221
2142
2222
2143
2223
2144
2224
2145
2225
2146
2226
2147
2227
2148
2228
2149
2229
2150
2230
2151
2231
2152
2232
2153
2233
2154
2234
2155
2235
2156
2236
2157
2237
2158
2238
2159
2239
2160
2240
2161
2241
2162
2242
2163
2243
2164
2244
2165
2245
2166
2246
2167
2247
2168
2248
2169
2249
2170
2250
2171
2251
2172
2252
2173
2253
2174
2254
2175
2255
2176
2256
2177
2257
2178
2258
2179
2259
2180
2260
2181
2261
2182
2262
2183
2263
2184
2264
2185
2265
2186
2266
2267
2188
2268
2189
2269
2190
2270
2191
2271
2192
2272
2193
2273
2194
2274
2195
2275
2196
2276
2197
2277
2198
2278
2199
2279
2200
2280
2201
2281
2202
2282
2203
2283
2204
2284
2205
2285
2206
2286
2207
2287
2208
2288
2209
2289
2210
2290
2211
2291
2212
2292
2213
2293
2214
2294
2215
2295
2216
2296
2217
2297
2218
2298
2219
2299
2220
2300
2221
2301
2222
2302
2223
2303
2224
2304
2225
2305
2226
2306
2227
2307
2228
2308
2229
2309
2230
2310
2231
2311
2232
2312
2233
2313
2234
2314
2235
2315
2236
2316
2237
2317
2238
2318
2239
2319
2240
2320
2241
2321
2242
2322
2243
2323
2244
2324
2245
2325
2246
2326
2247
2327
2248
2328
2249
2329
2250
2330
2251
2331
2252
2332
2253
2333
2254
2334
2255
2335
2256
2336
2257
2337
2258
2338
2259
2339
2260
2340
2261
2341
2262
2342
2263
2343
2264
2344
2265
2345
2266
2346
2267
2347
2348
2269
2349
2270
2350
2271
2351
2272
2352
2273
2353
2274
2354
2275
2355
2276
2356
2277
2357
2278
2358
2279
2359
2280
2360
2281
2361
2282
2362
2283
2363
2284
2364
2285
2365
2286
2366
2287
2367
2288
2368
2289
2369
2290
2370
2291
2371
2292
2372
2293
2373
2294
2374
2295
2375
2296
2376
2297
2377
2298
2378
2299
2379
2300
2380
2301
2381
2302
2382
2303
2383
2304
2384
2305
2385
2306
2386
2307
2387
2308
2388
2309
2389
2310
2390
2311
2391
2312
2392
2313
2393
2314
2394
2315
2395
2316
2396
2317
2397
2318
2398
2319
2399
2320
2400
2321
2401
2322
2402
2323
2403
2324
2404
2325
2405
2326
2406
2327
2407
2328
2408
2329
2409
2330
2410
2331
2411
2332
2412
2333
2413
2334
2414
2335
2415
2336
2416
2337
2417
2338
2418
2339
2419
2340
2420
2341
2421
2342
2422
2343
2423
2344
2424
2345
2425
2346
2426
2347
2427
2348
2428
2429
2350
2430
2351
2431
2352
2432
2353
2433
2354
2434
2355
2435
2356
2436
2357
2437
2358
2438
2359
2439
2360
2440
2361
2441
2362
2442
2363
2443
2364
2444
2365
2445
2366
2446
2367
2447
2368
2448
2369
2449
2370
2450
2371
2451
2372
2452
2373
2453
2374
2454
2375
2455
2376
2456
2377
2457
2378
2458
2379
2459
2380
2460
2381
2461
2382
2462
2383
2463
2384
2464
2385
2465
2386
2466
2387
2467
2388
2468
2389
2469
2390
2470
2391
2471
2392
2472
2393
2473
2394
2474
2395
2475
2396
2476
2397
2477
2398
2478
2399
2479
2400
2480
2401
2481
2402
2482
2403
2483
2404
2484
2405
2485
2406
2486
2407
2487
2408
2488
2409
2489
2410
2490
2411
2491
2412
2492
2413
2493
2414
2494
2415
2495
2416
2496
2417
2497
2418
2498
2419
2499
2420
2500
2421
2501
2422
2502
2423
2503
2424
2504
2425
2505
2426
2506
2427
2507
2428
2508
2429
2509
2510
2431
2511
2432
2512
2433
2513
2434
2514
2435
2515
2436
2516
2437
2517
2438
2518
2439
2519
2440
2520
2441
2521
2442
2522
2443
2523
2444
2524
2445
2525
2446
2526
2447
2527
2448
2528
2449
2529
2450
2530
2451
2531
2452
2532
2453
2533
2454
2534
2455
2535
2456
2536
2457
2537
2458
2538
2459
2539
2460
2540
2461
2541
2462
2542
2463
2543
2464
2544
2465
2545
2466
2546
2467
2547
2468
2548
2469
2549
2470
2550
2471
2551
2472
2552
2473
2553
2474
2554
2475
2555
2476
2556
2477
2557
2478
2558
2479
2559
2480
2560
2481
2561
2482
2562
2483
2563
2484
2564
2485
2565
2486
2566
2487
2567
2488
2568
2489
2569
2490
2570
2491
2571
2492
2572
2493
2573
2494
2574
2495
2575
2496
2576
2497
2577
2498
2578
2499
2579
2500
2580
2501
2581
2502
2582
2503
2583
2504
2584
2505
2585
2506
2586
2507
2587
2508
2588
2509
2589
2510
2590
2591
2512
2592
2513
2593
2514
2594
2515
2595
2516
2596
2517
2597
2518
2598
2519
2599
2520
2600
2521
2601
2522
2602
2523
2603
2524
2604
2525
2605
2526
2606
2527
2607
2528
2608
2529
2609
2530
2610
2531
2611
2532
2612
2533
2613
2534
2614
2535
2615
2536
2616
2537
2617
2538
2618
2539
2619
2540
2620
2541
2621
2542
2622
2543
2623
2544
2624
2545
2625
2546
2626
2547
2627
2548
2628
2549
2629
2550
2630
2551
2631
2552
2632
2553
2633
2554
2634
2555
2635
2556
2636
2557
2637
2558
2638
2559
2639
2560
2640
2561
2641
2562
2642
2563
2643
2564
2644
2565
2645
2566
2646
2567
2647
2568
2648
2569
2649
2570
2650
2571
2651
2572
2652
2573
2653
2574
2654
2575
2655
2576
2656
2577
2657
2578
2658
2579
2659
2580
2660
2581
2661
2582
2662
2583
2663
2584
2664
2585
2665
2586
2666
2587
2667
2588
2668
2589
2669
2590
2670
2591
2671
2672
2593
2673
2594
2674
2595
2675
2596
2676
2597
2677
2598
2678
2599
2679
2600
2680
2601
2681
2602
2682
2603
2683
2604
2684
2605
2685
2606
2686
2607
2687
2608
2688
2609
2689
2610
2690
2611
2691
2612
2692
2613
2693
2614
2694
2615
2695
2616
2696
2617
2697
2618
2698
2619
2699
2620
2700
2621
2701
2622
2702
2623
2703
2624
2704
2625
2705
2626
2706
2627
2707
2628
2708
2629
2709
2630
2710
2631
2711
2632
2712
2633
2713
2634
2714
2635
2715
2636
2716
2637
2717
2638
2718
2639
2719
2640
2720
2641
2721
2642
2722
2643
2723
2644
2724
2645
2725
2646
2726
2647
2727
2648
2728
2649
2729
2650
2730
2651
2731
2652
2732
2653
2733
2654
2734
2655
2735
2656
2736
2657
2737
2658
2738
2659
2739
2660
2740
2661
2741
2662
2742
2663
2743
2664
2744
2665
2745
2666
2746
2667
2747
2668
2748
2669
2749
2670
2750
2671
2751
2672
2752
2753
2674
2754
2675
2755
2676
2756
2677
2757
2678
2758
2679
2759
2680
2760
2681
2761
2682
2762
2683
2763
2684
2764
2685
2765
2686
2766
2687
2767
2688
2768
2689
2769
2690
2770
2691
2771
2692
2772
2693
2773
2694
2774
2695
2775
2696
2776
2697
2777
2698
2778
2699
2779
2700
2780
2701
2781
2702
2782
2703
2783
2704
2784
2705
2785
2706
2786
2707
2787
2708
2788
2709
2789
2710
2790
2711
2791
2712
2792
2713
2793
2714
2794
2715
2795
2716
2796
2717
2797
2718
2798
2719
2799
2720
2800
2721
2801
2722
2802
2723
2803
2724
2804
2725
2805
2726
2806
2727
2807
2728
2808
2729
2809
2730
2810
2731
2811
2732
2812
2733
2813
2734
2814
2735
2815
2736
2816
2737
2817
2738
2818
2739
2819
2740
2820
2741
2821
2742
2822
2743
2823
2744
2824
2745
2825
2746
2826
2747
2827
2748
2828
2749
2829
2750
2830
2751
2831
2752
2832
2753
2833
2834
2755
2835
2756
2836
2757
2837
2758
2838
2759
2839
2760
2840
2761
2841
2762
2842
2763
2843
2764
2844
2765
2845
2766
2846
2767
2847
2768
2848
2769
2849
2770
2850
2771
2851
2772
2852
2773
2853
2774
2854
2775
2855
2776
2856
2777
2857
2778
2858
2779
2859
2780
2860
2781
2861
2782
2862
2783
2863
2784
2864
2785
2865
2786
2866
2787
2867
2788
2868
2789
2869
2790
2870
2791
2871
2792
2872
2793
2873
2794
2874
2795
2875
2796
2876
2797
2877
2798
2878
2799
2879
2800
2880
2801
2881
2802
2882
2803
2883
2804
2884
2805
2885
2806
2886
2807
2887
2808
2888
2809
2889
2810
2890
2811
2891
2812
2892
2813
2893
2814
2894
2815
2895
2816
2896
2817
2897
2818
2898
2819
2899
2820
2900
2821
2901
2822
2902
2823
2903
2824
2904
2825
2905
2826
2906
2827
2907
2828
2908
2829
2909
2830
2910
2831
2911
2832
2912
2833
2913
2834
2914
2915
2836
2916
2837
2917
2838
2918
2839
2919
2840
2920
2841
2921
2842
2922
2843
2923
2844
2924
2845
2925
2846
2926
2847
2927
2848
2928
2849
2929
2850
2930
2851
2931
2852
2932
2853
2933
2854
2934
2855
2935
2856
2936
2857
2937
2858
2938
2859
2939
2860
2940
2861
2941
2862
2942
2863
2943
2864
2944
2865
2945
2866
2946
2867
2947
2868
2948
2869
2949
2870
2950
2871
2951
2872
2952
2873
2953
2874
2954
2875
2955
2876
2956
2877
2957
2878
2958
2879
2959
2880
2960
2881
2961
2882
2962
2883
2963
2884
2964
2885
2965
2886
2966
2887
2967
2888
2968
2889
2969
2890
2970
2891
2971
2892
2972
2893
2973
2894
2974
2895
2975
2896
2976
2897
2977
2898
2978
2899
2979
2900
2980
2901
2981
2902
2982
2903
2983
2904
2984
2905
2985
2906
2986
2907
2987
2908
2988
2909
2989
2910
2990
2911
2991
2912
2992
2913
2993
2914
2994
2915
2995
2996
2917
2997
2918
2998
2919
2999
2920
3000
2921
3001
2922
3002
2923
3003
2924
3004
2925
3005
2926
3006
2927
3007
2928
3008
2929
3009
2930
3010
2931
3011
2932
3012
2933
3013
2934
3014
2935
3015
2936
3016
2937
3017
2938
3018
2939
3019
2940
3020
2941
3021
2942
3022
2943
3023
2944
3024
2945
3025
2946
3026
2947
3027
2948
3028
2949
3029
2950
3030
2951
3031
2952
3032
2953
3033
2954
3034
2955
3035
2956
3036
2957
3037
2958
3038
2959
3039
2960
3040
2961
3041
2962
3042
2963
3043
2964
3044
2965
3045
2966
3046
2967
3047
2968
3048
2969
3049
2970
3050
2971
3051
2972
3052
2973
3053
2974
3054
2975
3055
2976
3056
2977
3057
2978
3058
2979
3059
2980
3060
2981
3061
2982
3062
2983
3063
2984
3064
2985
3065
2986
3066
2987
3067
2988
3068
2989
3069
2990
3070
2991
3071
2992
3072
2993
3073
2994
3074
2995
3075
2996
3076
3077
2998
3078
2999
3079
3000
3080
3001
3081
3002
3082
3003
3083
3004
3084
3005
3085
3006
3086
3007
3087
3008
3088
3009
3089
3010
3090
3011
3091
3012
3092
3013
3093
3014
3094
3015
3095
3016
3096
3017
3097
3018
3098
3019
3099
3020
3100
3021
3101
3022
3102
3023
3103
3024
3104
3025
3105
3026
3106
3027
3107
3028
3108
3029
3109
3030
3110
3031
3111
3032
3112
3033
3113
3034
3114
3035
3115
3036
3116
3037
3117
3038
3118
3039
3119
3040
3120
3041
3121
3042
3122
3043
3123
3044
3124
3045
3125
3046
3126
3047
3127
3048
3128
3049
3129
3050
3130
3051
3131
3052
3132
3053
3133
3054
3134
3055
3135
3056
3136
3057
3137
3058
3138
3059
3139
3060
3140
3061
3141
3062
3142
3063
3143
3064
3144
3065
3145
3066
3146
3067
3147
3068
3148
3069
3149
3070
3150
3071
3151
3072
3152
3073
3153
3074
3154
3075
3155
3076
3156
3077
3157
3158
3079
3159
3080
3160
3081
3161
3082
3162
3083
3163
3084
3164
3085
3165
3086
3166
3087
3167
3088
3168
3089
3169
3090
3170
3091
3171
3092
3172
3093
3173
3094
3174
3095
3175
3096
3176
3097
3177
3098
3178
3099
3179
3100
3180
3101
3181
3102
3182
3103
3183
3104
3184
3105
3185
3106
3186
3107
3187
3108
3188
3109
3189
3110
3190
3111
3191
3112
3192
3113
3193
3114
3194
3115
3195
3116
3196
3117
3197
3118
3198
3119
3199
3120
3200
3121
3201
3122
3202
3123
3203
3124
3204
3125
3205
3126
3206
3127
3207
3128
3208
3129
3209
3130
3210
3131
3211
3132
3212
3133
3213
3134
3214
3135
3215
3136
3216
3137
3217
3138
3218
3139
3219
3140
3220
3141
3221
3142
3222
3143
3223
3144
3224
3145
3225
3146
3226
3147
3227
3148
3228
3149
3229
3150
3230
3151
3231
3152
3232
3153
3233
3154
3234
3155
3235
3156
3236
3157
3237
3158
3238
3239
3160
3240
3161
3241
3162
3242
3163
3243
3164
3244
3165
3245
3166
3246
3167
3247
3168
3248
3169
3249
3170
3250
3171
3251
3172
3252
3173
3253
3174
3254
3175
3255
3176
3256
3177
3257
3178
3258
3179
3259
3180
3260
3181
3261
3182
3262
3183
3263
3184
3264
3185
3265
3186
3266
3187
3267
3188
3268
3189
3269
3190
3270
3191
3271
3192
3272
3193
3273
3194
3274
3195
3275
3196
3276
3197
3277
3198
3278
3199
3279
3200
3280
3201
3281
3202
3282
3203
3283
3204
3284
3205
3285
3206
3286
3207
3287
3208
3288
3209
3289
3210
3290
3211
3291
3212
3292
3213
3293
3214
3294
3215
3295
3216
3296
3217
3297
3218
3298
3219
3299
3220
3300
3221
3301
3222
3302
3223
3303
3224
3304
3225
3305
3226
3306
3227
3307
3228
3308
3229
3309
3230
3310
3231
3311
3232
3312
3233
3313
3234
3314
3235
3315
3236
3316
3237
3317
3238
3318
3239
3319
3320
3241
3321
3242
3322
3243
3323
3244
3324
3245
3325
3246
3326
3247
3327
3248
3328
3249
3329
3250
3330
3251
3331
3252
3332
3253
3333
3254
3334
3255
3335
3256
3336
3257
3337
3258
3338
3259
3339
3260
3340
3261
3341
3262
3342
3263
3343
3264
3344
3265
3345
3266
3346
3267
3347
3268
3348
3269
3349
3270
3350
3271
3351
3272
3352
3273
3353
3274
3354
3275
3355
3276
3356
3277
3357
3278
3358
3279
3359
3280
3360
3281
3361
3282
3362
3283
3363
3284
3364
3285
3365
3286
3366
3287
3367
3288
3368
3289
3369
3290
3370
3291
3371
3292
3372
3293
3373
3294
3374
3295
3375
3296
3376
3297
3377
3298
3378
3299
3379
3300
3380
3301
3381
3302
3382
3303
3383
3304
3384
3305
3385
3306
3386
3307
3387
3308
3388
3309
3389
3310
3390
3311
3391
3312
3392
3313
3393
3314
3394
3315
3395
3316
3396
3317
3397
3318
3398
3319
3399
3320
3400
3401
3322
3402
3323
3403
3324
3404
3325
3405
3326
3406
3327
3407
3328
3408
3329
3409
3330
3410
3331
3411
3332
3412
3333
3413
3334
3414
3335
3415
3336
3416
3337
3417
3338
3418
3339
3419
3340
3420
3341
3421
3342
3422
3343
3423
3344
3424
3345
3425
3346
3426
3347
3427
3348
3428
3349
3429
3350
3430
3351
3431
3352
3432
3353
3433
3354
3434
3355
3435
3356
3436
3357
3437
3358
3438
3359
3439
3360
3440
3361
3441
3362
3442
3363
3443
3364
3444
3365
3445
3366
3446
3367
3447
3368
3448
3369
3449
3370
3450
3371
3451
3372
3452
3373
3453
3374
3454
3375
3455
3376
3456
3377
3457
3378
3458
3379
3459
3380
3460
3381
3461
3382
3462
3383
3463
3384
3464
3385
3465
3386
3466
3387
3467
3388
3468
3389
3469
3390
3470
3391
3471
3392
3472
3393
3473
3394
3474
3395
3475
3396
3476
3397
3477
3398
3478
3399
3479
3400
3480
3401
3481
3482
3403
3483
3404
3484
3405
3485
3406
3486
3407
3487
3408
3488
3409
3489
3410
3490
3411
3491
3412
3492
3413
3493
3414
3494
3415
3495
3416
3496
3417
3497
3418
3498
3419
3499
3420
3500
3421
3501
3422
3502
3423
3503
3424
3504
3425
3505
3426
3506
3427
3507
3428
3508
3429
3509
3430
3510
3431
3511
3432
3512
3433
3513
3434
3514
3435
3515
3436
3516
3437
3517
3438
3518
3439
3519
3440
3520
3441
3521
3442
3522
3443
3523
3444
3524
3445
3525
3446
3526
3447
3527
3448
3528
3449
3529
3450
3530
3451
3531
3452
3532
3453
3533
3454
3534
3455
3535
3456
3536
3457
3537
3458
3538
3459
3539
3460
3540
3461
3541
3462
3542
3463
3543
3464
3544
3465
3545
3466
3546
3467
3547
3468
3548
3469
3549
3470
3550
3471
3551
3472
3552
3473
3553
3474
3554
3475
3555
3476
3556
3477
3557
3478
3558
3479
3559
3480
3560
3481
3561
3482
3562
3563
3484
3564
3485
3565
3486
3566
3487
3567
3488
3568
3489
3569
3490
3570
3491
3571
3492
3572
3493
3573
3494
3574
3495
3575
3496
3576
3497
3577
3498
3578
3499
3579
3500
3580
3501
3581
3502
3582
3503
3583
3504
3584
3505
3585
3506
3586
3507
3587
3508
3588
3509
3589
3510
3590
3511
3591
3512
3592
3513
3593
3514
3594
3515
3595
3516
3596
3517
3597
3518
3598
3519
3599
3520
3600
3521
3601
3522
3602
3523
3603
3524
3604
3525
3605
3526
3606
3527
3607
3528
3608
3529
3609
3530
3610
3531
3611
3532
3612
3533
3613
3534
3614
3535
3615
3536
3616
3537
3617
3538
3618
3539
3619
3540
3620
3541
3621
3542
3622
3543
3623
3544
3624
3545
3625
3546
3626
3547
3627
3548
3628
3549
3629
3550
3630
3551
3631
3552
3632
3553
3633
3554
3634
3555
3635
3556
3636
3557
3637
3558
3638
3559
3639
3560
3640
3561
3641
3562
3642
3563
3643
3644
3565
3645
3566
3646
3567
3647
3568
3648
3569
3649
3570
3650
3571
3651
3572
3652
3573
3653
3574
3654
3575
3655
3576
3656
3577
3657
3578
3658
3579
3659
3580
3660
3581
3661
3582
3662
3583
3663
3584
3664
3585
3665
3586
3666
3587
3667
3588
3668
3589
3669
3590
3670
3591
3671
3592
3672
3593
3673
3594
3674
3595
3675
3596
3676
3597
3677
3598
3678
3599
3679
3600
3680
3601
3681
3602
3682
3603
3683
3604
3684
3605
3685
3606
3686
3607
3687
3608
3688
3609
3689
3610
3690
3611
3691
3612
3692
3613
3693
3614
3694
3615
3695
3616
3696
3617
3697
3618
3698
3619
3699
3620
3700
3621
3701
3622
3702
3623
3703
3624
3704
3625
3705
3626
3706
3627
3707
3628
3708
3629
3709
3630
3710
3631
3711
3632
3712
3633
3713
3634
3714
3635
3715
3636
3716
3637
3717
3638
3718
3639
3719
3640
3720
3641
3721
3642
3722
3643
3723
3644
3724
3725
3646
3726
3647
3727
3648
3728
3649
3729
3650
3730
3651
3731
3652
3732
3653
3733
3654
3734
3655
3735
3656
3736
3657
3737
3658
3738
3659
3739
3660
3740
3661
3741
3662
3742
3663
3743
3664
3744
3665
3745
3666
3746
3667
3747
3668
3748
3669
3749
3670
3750
3671
3751
3672
3752
3673
3753
3674
3754
3675
3755
3676
3756
3677
3757
3678
3758
3679
3759
3680
3760
3681
3761
3682
3762
3683
3763
3684
3764
3685
3765
3686
3766
3687
3767
3688
3768
3689
3769
3690
3770
3691
3771
3692
3772
3693
3773
3694
3774
3695
3775
3696
3776
3697
3777
3698
3778
3699
3779
3700
3780
3701
3781
3702
3782
3703
3783
3704
3784
3705
3785
3706
3786
3707
3787
3708
3788
3709
3789
3710
3790
3711
3791
3712
3792
3713
3793
3714
3794
3715
3795
3716
3796
3717
3797
3718
3798
3719
3799
3720
3800
3721
3801
3722
3802
3723
3803
3724
3804
3725
3805
3806
3727
3807
3728
3808
3729
3809
3730
3810
3731
3811
3732
3812
3733
3813
3734
3814
3735
3815
3736
3816
3737
3817
3738
3818
3739
3819
3740
3820
3741
3821
3742
3822
3743
3823
3744
3824
3745
3825
3746
3826
3747
3827
3748
3828
3749
3829
3750
3830
3751
3831
3752
3832
3753
3833
3754
3834
3755
3835
3756
3836
3757
3837
3758
3838
3759
3839
3760
3840
3761
3841
3762
3842
3763
3843
3764
3844
3765
3845
3766
3846
3767
3847
3768
3848
3769
3849
3770
3850
3771
3851
3772
3852
3773
3853
3774
3854
3775
3855
3776
3856
3777
3857
3778
3858
3779
3859
3780
3860
3781
3861
3782
3862
3783
3863
3784
3864
3785
3865
3786
3866
3787
3867
3788
3868
3789
3869
3790
3870
3791
3871
3792
3872
3793
3873
3794
3874
3795
3875
3796
3876
3797
3877
3798
3878
3799
3879
3800
3880
3801
3881
3802
3882
3803
3883
3804
3884
3805
3885
3806
3886
3887
3808
3888
3809
3889
3810
3890
3811
3891
3812
3892
3813
3893
3814
3894
3815
3895
3816
3896
3817
3897
3818
3898
3819
3899
3820
3900
3821
3901
3822
3902
3823
3903
3824
3904
3825
3905
3826
3906
3827
3907
3828
3908
3829
3909
3830
3910
3831
3911
3832
3912
3833
3913
3834
3914
3835
3915
3836
3916
3837
3917
3838
3918
3839
3919
3840
3920
3841
3921
3842
3922
3843
3923
3844
3924
3845
3925
3846
3926
3847
3927
3848
3928
3849
3929
3850
3930
3851
3931
3852
3932
3853
3933
3854
3934
3855
3935
3856
3936
3857
3937
3858
3938
3859
3939
3860
3940
3861
3941
3862
3942
3863
3943
3864
3944
3865
3945
3866
3946
3867
3947
3868
3948
3869
3949
3870
3950
3871
3951
3872
3952
3873
3953
3874
3954
3875
3955
3876
3956
3877
3957
3878
3958
3879
3959
3880
3960
3881
3961
3882
3962
3883
3963
3884
3964
3885
3965
3886
3966
3887
3967
3968
3889
3969
3890
3970
3891
3971
3892
3972
3893
3973
3894
3974
3895
3975
3896
3976
3897
3977
3898
3978
3899
3979
3900
3980
3901
3981
3902
3982
3903
3983
3904
3984
3905
3985
3906
3986
3907
3987
3908
3988
3909
3989
3910
3990
3911
3991
3912
3992
3913
3993
3914
3994
3915
3995
3916
3996
3917
3997
3918
3998
3919
3999
3920
4000
3921
4001
3922
4002
3923
4003
3924
4004
3925
4005
3926
4006
3927
4007
3928
4008
3929
4009
3930
4010
3931
4011
3932
4012
3933
4013
3934
4014
3935
4015
3936
4016
3937
4017
3938
4018
3939
4019
3940
4020
3941
4021
3942
4022
3943
4023
3944
4024
3945
4025
3946
4026
3947
4027
3948
4028
3949
4029
3950
4030
3951
4031
3952
4032
3953
4033
3954
4034
3955
4035
3956
4036
3957
4037
3958
4038
3959
4039
3960
4040
3961
4041
3962
4042
3963
4043
3964
4044
3965
4045
3966
4046
3967
4047
3968
4048
4049
3970
4050
3971
4051
3972
4052
3973
4053
3974
4054
3975
4055
3976
4056
3977
4057
3978
4058
3979
4059
3980
4060
3981
4061
3982
4062
3983
4063
3984
4064
3985
4065
3986
4066
3987
4067
3988
4068
3989
4069
3990
4070
3991
4071
3992
4072
3993
4073
3994
4074
3995
4075
3996
4076
3997
4077
3998
4078
3999
4079
4000
4080
4001
4081
4002
4082
4003
4083
4004
4084
4005
4085
4006
4086
4007
4087
4008
4088
4009
4089
4010
4090
4011
4091
4012
4092
4013
4093
4014
4094
4015
4095
4016
4096
4017
4097
4018
4098
4019
4099
4020
4100
4021
4101
4022
4102
4023
4103
4024
4104
4025
4105
4026
4106
4027
4107
4028
4108
4029
4109
4030
4110
4031
4111
4032
4112
4033
4113
4034
4114
4035
4115
4036
4116
4037
4117
4038
4118
4039
4119
4040
4120
4041
4121
4042
4122
4043
4123
4044
4124
4045
4125
4046
4126
4047
4127
4048
4128
4049
4129
4130
4051
4131
4052
4132
4053
4133
4054
4134
4055
4135
4056
4136
4057
4137
4058
4138
4059
4139
4060
4140
4061
4141
4062
4142
4063
4143
4064
4144
4065
4145
4066
4146
4067
4147
4068
4148
4069
4149
4070
4150
4071
4151
4072
4152
4073
4153
4074
4154
4075
4155
4076
4156
4077
4157
4078
4158
4079
4159
4080
4160
4081
4161
4082
4162
4083
4163
4084
4164
4085
4165
4086
4166
4087
4167
4088
4168
4089
4169
4090
4170
4091
4171
4092
4172
4093
4173
4094
4174
4095
4175
4096
4176
4097
4177
4098
4178
4099
4179
4100
4180
4101
4181
4102
4182
4103
4183
4104
4184
4105
4185
4106
4186
4107
4187
4108
4188
4109
4189
4110
4190
4111
4191
4112
4192
4113
4193
4114
4194
4115
4195
4116
4196
4117
4197
4118
4198
4119
4199
4120
4200
4121
4201
4122
4202
4123
4203
4124
4204
4125
4205
4126
4206
4127
4207
4128
4208
4129
4209
4130
4210
4211
4132
4212
4133
4213
4134
4214
4135
4215
4136
4216
4137
4217
4138
4218
4139
4219
4140
4220
4141
4221
4142
4222
4143
4223
4144
4224
4145
4225
4146
4226
4147
4227
4148
4228
4149
4229
4150
4230
4151
4231
4152
4232
4153
4233
4154
4234
4155
4235
4156
4236
4157
4237
4158
4238
4159
4239
4160
4240
4161
4241
4162
4242
4163
4243
4164
4244
4165
4245
4166
4246
4167
4247
4168
4248
4169
4249
4170
4250
4171
4251
4172
4252
4173
4253
4174
4254
4175
4255
4176
4256
4177
4257
4178
4258
4179
4259
4180
4260
4181
4261
4182
4262
4183
4263
4184
4264
4185
4265
4186
4266
4187
4267
4188
4268
4189
4269
4190
4270
4191
4271
4192
4272
4193
4273
4194
4274
4195
4275
4196
4276
4197
4277
4198
4278
4199
4279
4200
4280
4201
4281
4202
4282
4203
4283
4204
4284
4205
4285
4206
4286
4207
4287
4208
4288
4209
4289
4210
4290
4211
4291
4292
4213
4293
4214
4294
4215
4295
4216
4296
4217
4297
4218
4298
4219
4299
4220
4300
4221
4301
4222
4302
4223
4303
4224
4304
4225
4305
4226
4306
4227
4307
4228
4308
4229
4309
4230
4310
4231
4311
4232
4312
4233
4313
4234
4314
4235
4315
4236
4316
4237
4317
4238
4318
4239
4319
4240
4320
4241
4321
4242
4322
4243
4323
4244
4324
4245
4325
4246
4326
4247
4327
4248
4328
4249
4329
4250
4330
4251
4331
4252
4332
4253
4333
4254
4334
4255
4335
4256
4336
4257
4337
4258
4338
4259
4339
4260
4340
4261
4341
4262
4342
4263
4343
4264
4344
4265
4345
4266
4346
4267
4347
4268
4348
4269
4349
4270
4350
4271
4351
4272
4352
4273
4353
4274
4354
4275
4355
4276
4356
4277
4357
4278
4358
4279
4359
4280
4360
4281
4361
4282
4362
4283
4363
4284
4364
4285
4365
4286
4366
4287
4367
4288
4368
4289
4369
4290
4370
4291
4371
4292
4372
4373
4294
4374
4295
4375
4296
4376
4297
4377
4298
4378
4299
4379
4300
4380
4301
4381
4302
4382
4303
4383
4304
4384
4305
4385
4306
4386
4307
4387
4308
4388
4309
4389
4310
4390
4311
4391
4312
4392
4313
4393
4314
4394
4315
4395
4316
4396
4317
4397
4318
4398
4319
4399
4320
4400
4321
4401
4322
4402
4323
4403
4324
4404
4325
4405
4326
4406
4327
4407
4328
4408
4329
4409
4330
4410
4331
4411
4332
4412
4333
4413
4334
4414
4335
4415
4336
4416
4337
4417
4338
4418
4339
4419
4340
4420
4341
4421
4342
4422
4343
4423
4344
4424
4345
4425
4346
4426
4347
4427
4348
4428
4349
4429
4350
4430
4351
4431
4352
4432
4353
4433
4354
4434
4355
4435
4356
4436
4357
4437
4358
4438
4359
4439
4360
4440
4361
4441
4362
4442
4363
4443
4364
4444
4365
4445
4366
4446
4367
4447
4368
4448
4369
4449
4370
4450
4371
4451
4372
4452
4373
4453
4454
4375
4455
4376
4456
4377
4457
4378
4458
4379
4459
4380
4460
4381
4461
4382
4462
4383
4463
4384
4464
4385
4465
4386
4466
4387
4467
4388
4468
4389
4469
4390
4470
4391
4471
4392
4472
4393
4473
4394
4474
4395
4475
4396
4476
4397
4477
4398
4478
4399
4479
4400
4480
4401
4481
4402
4482
4403
4483
4404
4484
4405
4485
4406
4486
4407
4487
4408
4488
4409
4489
4410
4490
4411
4491
4412
4492
4413
4493
4414
4494
4415
4495
4416
4496
4417
4497
4418
4498
4419
4499
4420
4500
4421
4501
4422
4502
4423
4503
4424
4504
4425
4505
4426
4506
4427
4507
4428
4508
4429
4509
4430
4510
4431
4511
4432
4512
4433
4513
4434
4514
4435
4515
4436
4516
4437
4517
4438
4518
4439
4519
4440
4520
4441
4521
4442
4522
4443
4523
4444
4524
4445
4525
4446
4526
4447
4527
4448
4528
4449
4529
4450
4530
4451
4531
4452
4532
4453
4533
4454
4534
4535
4456
4536
4457
4537
4458
4538
4459
4539
4460
4540
4461
4541
4462
4542
4463
4543
4464
4544
4465
4545
4466
4546
4467
4547
4468
4548
4469
4549
4470
4550
4471
4551
4472
4552
4473
4553
4474
4554
4475
4555
4476
4556
4477
4557
4478
4558
4479
4559
4480
4560
4481
4561
4482
4562
4483
4563
4484
4564
4485
4565
4486
4566
4487
4567
4488
4568
4489
4569
4490
4570
4491
4571
4492
4572
4493
4573
4494
4574
4495
4575
4496
4576
4497
4577
4498
4578
4499
4579
4500
4580
4501
4581
4502
4582
4503
4583
4504
4584
4505
4585
4506
4586
4507
4587
4508
4588
4509
4589
4510
4590
4511
4591
4512
4592
4513
4593
4514
4594
4515
4595
4516
4596
4517
4597
4518
4598
4519
4599
4520
4600
4521
4601
4522
4602
4523
4603
4524
4604
4525
4605
4526
4606
4527
4607
4528
4608
4529
4609
4530
4610
4531
4611
4532
4612
4533
4613
4534
4614
4535
4615
4616
4537
4617
4538
4618
4539
4619
4540
4620
4541
4621
4542
4622
4543
4623
4544
4624
4545
4625
4546
4626
4547
4627
4548
4628
4549
4629
4550
4630
4551
4631
4552
4632
4553
4633
4554
4634
4555
4635
4556
4636
4557
4637
4558
4638
4559
4639
4560
4640
4561
4641
4562
4642
4563
4643
4564
4644
4565
4645
4566
4646
4567
4647
4568
4648
4569
4649
4570
4650
4571
4651
4572
4652
4573
4653
4574
4654
4575
4655
4576
4656
4577
4657
4578
4658
4579
4659
4580
4660
4581
4661
4582
4662
4583
4663
4584
4664
4585
4665
4586
4666
4587
4667
4588
4668
4589
4669
4590
4670
4591
4671
4592
4672
4593
4673
4594
4674
4595
4675
4596
4676
4597
4677
4598
4678
4599
4679
4600
4680
4601
4681
4602
4682
4603
4683
4604
4684
4605
4685
4606
4686
4607
4687
4608
4688
4609
4689
4610
4690
4611
4691
4612
4692
4613
4693
4614
4694
4615
4695
4616
4696
4697
4618
4698
4619
4699
4620
4700
4621
4701
4622
4702
4623
4703
4624
4704
4625
4705
4626
4706
4627
4707
4628
4708
4629
4709
4630
4710
4631
4711
4632
4712
4633
4713
4634
4714
4635
4715
4636
4716
4637
4717
4638
4718
4639
4719
4640
4720
4641
4721
4642
4722
4643
4723
4644
4724
4645
4725
4646
4726
4647
4727
4648
4728
4649
4729
4650
4730
4651
4731
4652
4732
4653
4733
4654
4734
4655
4735
4656
4736
4657
4737
4658
4738
4659
4739
4660
4740
4661
4741
4662
4742
4663
4743
4664
4744
4665
4745
4666
4746
4667
4747
4668
4748
4669
4749
4670
4750
4671
4751
4672
4752
4673
4753
4674
4754
4675
4755
4676
4756
4677
4757
4678
4758
4679
4759
4680
4760
4681
4761
4682
4762
4683
4763
4684
4764
4685
4765
4686
4766
4687
4767
4688
4768
4689
4769
4690
4770
4691
4771
4692
4772
4693
4773
4694
4774
4695
4775
4696
4776
4697
4777
4778
4699
4779
4700
4780
4701
4781
4702
4782
4703
4783
4704
4784
4705
4785
4706
4786
4707
4787
4708
4788
4709
4789
4710
4790
4711
4791
4712
4792
4713
4793
4714
4794
4715
4795
4716
4796
4717
4797
4718
4798
4719
4799
4720
4800
4721
4801
4722
4802
4723
4803
4724
4804
4725
4805
4726
4806
4727
4807
4728
4808
4729
4809
4730
4810
4731
4811
4732
4812
4733
4813
4734
4814
4735
4815
4736
4816
4737
4817
4738
4818
4739
4819
4740
4820
4741
4821
4742
4822
4743
4823
4744
4824
4745
4825
4746
4826
4747
4827
4748
4828
4749
4829
4750
4830
4751
4831
4752
4832
4753
4833
4754
4834
4755
4835
4756
4836
4757
4837
4758
4838
4759
4839
4760
4840
4761
4841
4762
4842
4763
4843
4764
4844
4765
4845
4766
4846
4767
4847
4768
4848
4769
4849
4770
4850
4771
4851
4772
4852
4773
4853
4774
4854
4775
4855
4776
4856
4777
4857
4778
4858
4859
4780
4860
4781
4861
4782
4862
4783
4863
4784
4864
4785
4865
4786
4866
4787
4867
4788
4868
4789
4869
4790
4870
4791
4871
4792
4872
4793
4873
4794
4874
4795
4875
4796
4876
4797
4877
4798
4878
4799
4879
4800
4880
4801
4881
4802
4882
4803
4883
4804
4884
4805
4885
4806
4886
4807
4887
4808
4888
4809
4889
4810
4890
4811
4891
4812
4892
4813
4893
4814
4894
4815
4895
4816
4896
4817
4897
4818
4898
4819
4899
4820
4900
4821
4901
4822
4902
4823
4903
4824
4904
4825
4905
4826
4906
4827
4907
4828
4908
4829
4909
4830
4910
4831
4911
4832
4912
4833
4913
4834
4914
4835
4915
4836
4916
4837
4917
4838
4918
4839
4919
4840
4920
4841
4921
4842
4922
4843
4923
4844
4924
4845
4925
4846
4926
4847
4927
4848
4928
4849
4929
4850
4930
4851
4931
4852
4932
4853
4933
4854
4934
4855
4935
4856
4936
4857
4937
4858
4938
4859
4939
4940
4861
4941
4862
4942
4863
4943
4864
4944
4865
4945
4866
4946
4867
4947
4868
4948
4869
4949
4870
4950
4871
4951
4872
4952
4873
4953
4874
4954
4875
4955
4876
4956
4877
4957
4878
4958
4879
4959
4880
4960
4881
4961
4882
4962
4883
4963
4884
4964
4885
4965
4886
4966
4887
4967
4888
4968
4889
4969
4890
4970
4891
4971
4892
4972
4893
4973
4894
4974
4895
4975
4896
4976
4897
4977
4898
4978
4899
4979
4900
4980
4901
4981
4902
4982
4903
4983
4904
4984
4905
4985
4906
4986
4907
4987
4908
4988
4909
4989
4910
4990
4911
4991
4912
4992
4913
4993
4914
4994
4915
4995
4916
4996
4917
4997
4918
4998
4919
4999
4920
5000
4921
5001
4922
5002
4923
5003
4924
5004
4925
5005
4926
5006
4927
5007
4928
5008
4929
5009
4930
5010
4931
5011
4932
5012
4933
5013
4934
5014
4935
5015
4936
5016
4937
5017
4938
5018
4939
5019
4940
5020
5021
4942
5022
4943
5023
4944
5024
4945
5025
4946
5026
4947
5027
4948
5028
4949
5029
4950
5030
4951
5031
4952
5032
4953
5033
4954
5034
4955
5035
4956
5036
4957
5037
4958
5038
4959
5039
4960
5040
4961
5041
4962
5042
4963
5043
4964
5044
4965
5045
4966
5046
4967
5047
4968
5048
4969
5049
4970
5050
4971
5051
4972
5052
4973
5053
4974
5054
4975
5055
4976
5056
4977
5057
4978
5058
4979
5059
4980
5060
4981
5061
4982
5062
4983
5063
4984
5064
4985
5065
4986
5066
4987
5067
4988
5068
4989
5069
4990
5070
4991
5071
4992
5072
4993
5073
4994
5074
4995
5075
4996
5076
4997
5077
4998
5078
4999
5079
5000
5080
5001
5081
5002
5082
5003
5083
5004
5084
5005
5085
5006
5086
5007
5087
5008
5088
5009
5089
5010
5090
5011
5091
5012
5092
5013
5093
5014
5094
5015
5095
5016
5096
5017
5097
5018
5098
5019
5099
5020
5100
5021
5101
5102
5023
5103
5024
5104
5025
5105
5026
5106
5027
5107
5028
5108
5029
5109
5030
5110
5031
5111
5032
5112
5033
5113
5034
5114
5035
5115
5036
5116
5037
5117
5038
5118
5039
5119
5040
5120
5041
5121
5042
5122
5043
5123
5044
5124
5045
5125
5046
5126
5047
5127
5048
5128
5049
5129
5050
5130
5051
5131
5052
5132
5053
5133
5054
5134
5055
5135
5056
5136
5057
5137
5058
5138
5059
5139
5060
5140
5061
5141
5062
5142
5063
5143
5064
5144
5065
5145
5066
5146
5067
5147
5068
5148
5069
5149
5070
5150
5071
5151
5072
5152
5073
5153
5074
5154
5075
5155
5076
5156
5077
5157
5078
5158
5079
5159
5080
5160
5081
5161
5082
5162
5083
5163
5084
5164
5085
5165
5086
5166
5087
5167
5088
5168
5089
5169
5090
5170
5091
5171
5092
5172
5093
5173
5094
5174
5095
5175
5096
5176
5097
5177
5098
5178
5099
5179
5100
5180
5101
5181
5102
5182
5183
5104
5184
5105
5185
5106
5186
5107
5187
5108
5188
5109
5189
5110
5190
5111
5191
5112
5192
5113
5193
5114
5194
5115
5195
5116
5196
5117
5197
5118
5198
5119
5199
5120
5200
5121
5201
5122
5202
5123
5203
5124
5204
5125
5205
5126
5206
5127
5207
5128
5208
5129
5209
5130
5210
5131
5211
5132
5212
5133
5213
5134
5214
5135
5215
5136
5216
5137
5217
5138
5218
5139
5219
5140
5220
5141
5221
5142
5222
5143
5223
5144
5224
5145
5225
5146
5226
5147
5227
5148
5228
5149
5229
5150
5230
5151
5231
5152
5232
5153
5233
5154
5234
5155
5235
5156
5236
5157
5237
5158
5238
5159
5239
5160
5240
5161
5241
5162
5242
5163
5243
5164
5244
5165
5245
5166
5246
5167
5247
5168
5248
5169
5249
5170
5250
5171
5251
5172
5252
5173
5253
5174
5254
5175
5255
5176
5256
5177
5257
5178
5258
5179
5259
5180
5260
5181
5261
5182
5262
5183
5263
5264
5185
5265
5186
5266
5187
5267
5188
5268
5189
5269
5190
5270
5191
5271
5192
5272
5193
5273
5194
5274
5195
5275
5196
5276
5197
5277
5198
5278
5199
5279
5200
5280
5201
5281
5202
5282
5203
5283
5204
5284
5205
5285
5206
5286
5207
5287
5208
5288
5209
5289
5210
5290
5211
5291
5212
5292
5213
5293
5214
5294
5215
5295
5216
5296
5217
5297
5218
5298
5219
5299
5220
5300
5221
5301
5222
5302
5223
5303
5224
5304
5225
5305
5226
5306
5227
5307
5228
5308
5229
5309
5230
5310
5231
5311
5232
5312
5233
5313
5234
5314
5235
5315
5236
5316
5237
5317
5238
5318
5239
5319
5240
5320
5241
5321
5242
5322
5243
5323
5244
5324
5245
5325
5246
5326
5247
5327
5248
5328
5249
5329
5250
5330
5251
5331
5252
5332
5253
5333
5254
5334
5255
5335
5256
5336
5257
5337
5258
5338
5259
5339
5260
5340
5261
5341
5262
5342
5263
5343
5264
5344
5345
5266
5346
5267
5347
5268
5348
5269
5349
5270
5350
5271
5351
5272
5352
5273
5353
5274
5354
5275
5355
5276
5356
5277
5357
5278
5358
5279
5359
5280
5360
5281
5361
5282
5362
5283
5363
5284
5364
5285
5365
5286
5366
5287
5367
5288
5368
5289
5369
5290
5370
5291
5371
5292
5372
5293
5373
5294
5374
5295
5375
5296
5376
5297
5377
5298
5378
5299
5379
5300
5380
5301
5381
5302
5382
5303
5383
5304
5384
5305
5385
5306
5386
5307
5387
5308
5388
5309
5389
5310
5390
5311
5391
5312
5392
5313
5393
5314
5394
5315
5395
5316
5396
5317
5397
5318
5398
5319
5399
5320
5400
5321
5401
5322
5402
5323
5403
5324
5404
5325
5405
5326
5406
5327
5407
5328
5408
5329
5409
5330
5410
5331
5411
5332
5412
5333
5413
5334
5414
5335
5415
5336
5416
5337
5417
5338
5418
5339
5419
5340
5420
5341
5421
5342
5422
5343
5423
5344
5424
5345
5425
5426
5347
5427
5348
5428
5349
5429
5350
5430
5351
5431
5352
5432
5353
5433
5354
5434
5355
5435
5356
5436
5357
5437
5358
5438
5359
5439
5360
5440
5361
5441
5362
5442
5363
5443
5364
5444
5365
5445
5366
5446
5367
5447
5368
5448
5369
5449
5370
5450
5371
5451
5372
5452
5373
5453
5374
5454
5375
5455
5376
5456
5377
5457
5378
5458
5379
5459
5380
5460
5381
5461
5382
5462
5383
5463
5384
5464
5385
5465
5386
5466
5387
5467
5388
5468
5389
5469
5390
5470
5391
5471
5392
5472
5393
5473
5394
5474
5395
5475
5396
5476
5397
5477
5398
5478
5399
5479
5400
5480
5401
5481
5402
5482
5403
5483
5404
5484
5405
5485
5406
5486
5407
5487
5408
5488
5409
5489
5410
5490
5411
5491
5412
5492
5413
5493
5414
5494
5415
5495
5416
5496
5417
5497
5418
5498
5419
5499
5420
5500
5421
5501
5422
5502
5423
5503
5424
5504
5425
5505
5426
5506
5507
5428
5508
5429
5509
5430
5510
5431
5511
5432
5512
5433
5513
5434
5514
5435
5515
5436
5516
5437
5517
5438
5518
5439
5519
5440
5520
5441
5521
5442
5522
5443
5523
5444
5524
5445
5525
5446
5526
5447
5527
5448
5528
5449
5529
5450
5530
5451
5531
5452
5532
5453
5533
5454
5534
5455
5535
5456
5536
5457
5537
5458
5538
5459
5539
5460
5540
5461
5541
5462
5542
5463
5543
5464
5544
5465
5545
5466
5546
5467
5547
5468
5548
5469
5549
5470
5550
5471
5551
5472
5552
5473
5553
5474
5554
5475
5555
5476
5556
5477
5557
5478
5558
5479
5559
5480
5560
5481
5561
5482
5562
5483
5563
5484
5564
5485
5565
5486
5566
5487
5567
5488
5568
5489
5569
5490
5570
5491
5571
5492
5572
5493
5573
5494
5574
5495
5575
5496
5576
5497
5577
5498
5578
5499
5579
5500
5580
5501
5581
5502
5582
5503
5583
5504
5584
5505
5585
5506
5586
5507
5587
5588
5509
5589
5510
5590
5511
5591
5512
5592
5513
5593
5514
5594
5515
5595
5516
5596
5517
5597
5518
5598
5519
5599
5520
5600
5521
5601
5522
5602
5523
5603
5524
5604
5525
5605
5526
5606
5527
5607
5528
5608
5529
5609
5530
5610
5531
5611
5532
5612
5533
5613
5534
5614
5535
5615
5536
5616
5537
5617
5538
5618
5539
5619
5540
5620
5541
5621
5542
5622
5543
5623
5544
5624
5545
5625
5546
5626
5547
5627
5548
5628
5549
5629
5550
5630
5551
5631
5552
5632
5553
5633
5554
5634
5555
5635
5556
5636
5557
5637
5558
5638
5559
5639
5560
5640
5561
5641
5562
5642
5563
5643
5564
5644
5565
5645
5566
5646
5567
5647
5568
5648
5569
5649
5570
5650
5571
5651
5572
5652
5573
5653
5574
5654
5575
5655
5576
5656
5577
5657
5578
5658
5579
5659
5580
5660
5581
5661
5582
5662
5583
5663
5584
5664
5585
5665
5586
5666
5587
5667
5588
5668
5669
5590
5670
5591
5671
5592
5672
5593
5673
5594
5674
5595
5675
5596
5676
5597
5677
5598
5678
5599
5679
5600
5680
5601
5681
5602
5682
5603
5683
5604
5684
5605
5685
5606
5686
5607
5687
5608
5688
5609
5689
5610
5690
5611
5691
5612
5692
5613
5693
5614
5694
5615
5695
5616
5696
5617
5697
5618
5698
5619
5699
5620
5700
5621
5701
5622
5702
5623
5703
5624
5704
5625
5705
5626
5706
5627
5707
5628
5708
5629
5709
5630
5710
5631
5711
5632
5712
5633
5713
5634
5714
5635
5715
5636
5716
5637
5717
5638
5718
5639
5719
5640
5720
5641
5721
5642
5722
5643
5723
5644
5724
5645
5725
5646
5726
5647
5727
5648
5728
5649
5729
5650
5730
5651
5731
5652
5732
5653
5733
5654
5734
5655
5735
5656
5736
5657
5737
5658
5738
5659
5739
5660
5740
5661
5741
5662
5742
5663
5743
5664
5744
5665
5745
5666
5746
5667
5747
5668
5748
5669
5749
5750
5671
5751
5672
5752
5673
5753
5674
5754
5675
5755
5676
5756
5677
5757
5678
5758
5679
5759
5680
5760
5681
5761
5682
5762
5683
5763
5684
5764
5685
5765
5686
5766
5687
5767
5688
5768
5689
5769
5690
5770
5691
5771
5692
5772
5693
5773
5694
5774
5695
5775
5696
5776
5697
5777
5698
5778
5699
5779
5700
5780
5701
5781
5702
5782
5703
5783
5704
5784
5705
5785
5706
5786
5707
5787
5708
5788
5709
5789
5710
5790
5711
5791
5712
5792
5713
5793
5714
5794
5715
5795
5716
5796
5717
5797
5718
5798
5719
5799
5720
5800
5721
5801
5722
5802
5723
5803
5724
5804
5725
5805
5726
5806
5727
5807
5728
5808
5729
5809
5730
5810
5731
5811
5732
5812
5733
5813
5734
5814
5735
5815
5736
5816
5737
5817
5738
5818
5739
5819
5740
5820
5741
5821
5742
5822
5743
5823
5744
5824
5745
5825
5746
5826
5747
5827
5748
5828
5749
5829
5750
5830
5831
5752
5832
5753
5833
5754
5834
5755
5835
5756
5836
5757
5837
5758
5838
5759
5839
5760
5840
5761
5841
5762
5842
5763
5843
5764
5844
5765
5845
5766
5846
5767
5847
5768
5848
5769
5849
5770
5850
5771
5851
5772
5852
5773
5853
5774
5854
5775
5855
5776
5856
5777
5857
5778
5858
5779
5859
5780
5860
5781
5861
5782
5862
5783
5863
5784
5864
5785
5865
5786
5866
5787
5867
5788
5868
5789
5869
5790
5870
5791
5871
5792
5872
5793
5873
5794
5874
5795
5875
5796
5876
5797
5877
5798
5878
5799
5879
5800
5880
5801
5881
5802
5882
5803
5883
5804
5884
5805
5885
5806
5886
5807
5887
5808
5888
5809
5889
5810
5890
5811
5891
5812
5892
5813
5893
5814
5894
5815
5895
5816
5896
5817
5897
5818
5898
5819
5899
5820
5900
5821
5901
5822
5902
5823
5903
5824
5904
5825
5905
5826
5906
5827
5907
5828
5908
5829
5909
5830
5910
5831
5911
5912
5833
5913
5834
5914
5835
5915
5836
5916
5837
5917
5838
5918
5839
5919
5840
5920
5841
5921
5842
5922
5843
5923
5844
5924
5845
5925
5846
5926
5847
5927
5848
5928
5849
5929
5850
5930
5851
5931
5852
5932
5853
5933
5854
5934
5855
5935
5856
5936
5857
5937
5858
5938
5859
5939
5860
5940
5861
5941
5862
5942
5863
5943
5864
5944
5865
5945
5866
5946
5867
5947
5868
5948
5869
5949
5870
5950
5871
5951
5872
5952
5873
5953
5874
5954
5875
5955
5876
5956
5877
5957
5878
5958
5879
5959
5880
5960
5881
5961
5882
5962
5883
5963
5884
5964
5885
5965
5886
5966
5887
5967
5888
5968
5889
5969
5890
5970
5891
5971
5892
5972
5893
5973
5894
5974
5895
5975
5896
5976
5897
5977
5898
5978
5899
5979
5900
5980
5901
5981
5902
5982
5903
5983
5904
5984
5905
5985
5906
5986
5907
5987
5908
5988
5909
5989
5910
5990
5911
5991
5912
5992
5993
5914
5994
5915
5995
5916
5996
5917
5997
5918
5998
5919
5999
5920
6000
5921
6001
5922
6002
5923
6003
5924
6004
5925
6005
5926
6006
5927
6007
5928
6008
5929
6009
5930
6010
5931
6011
5932
6012
5933
6013
5934
6014
5935
6015
5936
6016
5937
6017
5938
6018
5939
6019
5940
6020
5941
6021
5942
6022
5943
6023
5944
6024
5945
6025
5946
6026
5947
6027
5948
6028
5949
6029
5950
6030
5951
6031
5952
6032
5953
6033
5954
6034
5955
6035
5956
6036
5957
6037
5958
6038
5959
6039
5960
6040
5961
6041
5962
6042
5963
6043
5964
6044
5965
6045
5966
6046
5967
6047
5968
6048
5969
6049
5970
6050
5971
6051
5972
6052
5973
6053
5974
6054
5975
6055
5976
6056
5977
6057
5978
6058
5979
6059
5980
6060
5981
6061
5982
6062
5983
6063
5984
6064
5985
6065
5986
6066
5987
6067
5988
6068
5989
6069
5990
6070
5991
6071
5992
6072
5993
6073
6074
5995
6075
5996
6076
5997
6077
5998
6078
5999
6079
6000
6080
6001
6081
6002
6082
6003
6083
6004
6084
6005
6085
6006
6086
6007
6087
6008
6088
6009
6089
6010
6090
6011
6091
6012
6092
6013
6093
6014
6094
6015
6095
6016
6096
6017
6097
6018
6098
6019
6099
6020
6100
6021
6101
6022
6102
6023
6103
6024
6104
6025
6105
6026
6106
6027
6107
6028
6108
6029
6109
6030
6110
6031
6111
6032
6112
6033
6113
6034
6114
6035
6115
6036
6116
6037
6117
6038
6118
6039
6119
6040
6120
6041
6121
6042
6122
6043
6123
6044
6124
6045
6125
6046
6126
6047
6127
6048
6128
6049
6129
6050
6130
6051
6131
6052
6132
6053
6133
6054
6134
6055
6135
6056
6136
6057
6137
6058
6138
6059
6139
6060
6140
6061
6141
6062
6142
6063
6143
6064
6144
6065
6145
6066
6146
6067
6147
6068
6148
6069
6149
6070
6150
6071
6151
6072
6152
6073
6153
6074
6154
6155
6076
6156
6077
6157
6078
6158
6079
6159
6080
6160
6081
6161
6082
6162
6083
6163
6084
6164
6085
6165
6086
6166
6087
6167
6088
6168
6089
6169
6090
6170
6091
6171
6092
6172
6093
6173
6094
6174
6095
6175
6096
6176
6097
6177
6098
6178
6099
6179
6100
6180
6101
6181
6102
6182
6103
6183
6104
6184
6105
6185
6106
6186
6107
6187
6108
6188
6109
6189
6110
6190
6111
6191
6112
6192
6113
6193
6114
6194
6115
6195
6116
6196
6117
6197
6118
6198
6119
6199
6120
6200
6121
6201
6122
6202
6123
6203
6124
6204
6125
6205
6126
6206
6127
6207
6128
6208
6129
6209
6130
6210
6131
6211
6132
6212
6133
6213
6134
6214
6135
6215
6136
6216
6137
6217
6138
6218
6139
6219
6140
6220
6141
6221
6142
6222
6143
6223
6144
6224
6145
6225
6146
6226
6147
6227
6148
6228
6149
6229
6150
6230
6151
6231
6152
6232
6153
6233
6154
6234
6155
6235
6236
6157
6237
6158
6238
6159
6239
6160
6240
6161
6241
6162
6242
6163
6243
6164
6244
6165
6245
6166
6246
6167
6247
6168
6248
6169
6249
6170
6250
6171
6251
6172
6252
6173
6253
6174
6254
6175
6255
6176
6256
6177
6257
6178
6258
6179
6259
6180
6260
6181
6261
6182
6262
6183
6263
6184
6264
6185
6265
6186
6266
6187
6267
6188
6268
6189
6269
6190
6270
6191
6271
6192
6272
6193
6273
6194
6274
6195
6275
6196
6276
6197
6277
6198
6278
6199
6279
6200
6280
6201
6281
6202
6282
6203
6283
6204
6284
6205
6285
6206
6286
6207
6287
6208
6288
6209
6289
6210
6290
6211
6291
6212
6292
6213
6293
6214
6294
6215
6295
6216
6296
6217
6297
6218
6298
6219
6299
6220
6300
6221
6301
6222
6302
6223
6303
6224
6304
6225
6305
6226
6306
6227
6307
6228
6308
6229
6309
6230
6310
6231
6311
6232
6312
6233
6313
6234
6314
6235
6315
6236
6316
6317
6238
6318
6239
6319
6240
6320
6241
6321
6242
6322
6243
6323
6244
6324
6245
6325
6246
6326
6247
6327
6248
6328
6249
6329
6250
6330
6251
6331
6252
6332
6253
6333
6254
6334
6255
6335
6256
6336
6257
6337
6258
6338
6259
6339
6260
6340
6261
6341
6262
6342
6263
6343
6264
6344
6265
6345
6266
6346
6267
6347
6268
6348
6269
6349
6270
6350
6271
6351
6272
6352
6273
6353
6274
6354
6275
6355
6276
6356
6277
6357
6278
6358
6279
6359
6280
6360
6281
6361
6282
6362
6283
6363
6284
6364
6285
6365
6286
6366
6287
6367
6288
6368
6289
6369
6290
6370
6291
6371
6292
6372
6293
6373
6294
6374
6295
6375
6296
6376
6297
6377
6298
6378
6299
6379
6300
6380
6301
6381
6302
6382
6303
6383
6304
6384
6305
6385
6306
6386
6307
6387
6308
6388
6309
6389
6310
6390
6311
6391
6312
6392
6313
6393
6314
6394
6315
6395
6316
6396
6317
6397
6398
6319
6399
6320
6400
6321
6401
6322
6402
6323
6403
6324
6404
6325
6405
6326
6406
6327
6407
6328
6408
6329
6409
6330
6410
6331
6411
6332
6412
6333
6413
6334
6414
6335
6415
6336
6416
6337
6417
6338
6418
6339
6419
6340
6420
6341
6421
6342
6422
6343
6423
6344
6424
6345
6425
6346
6426
6347
6427
6348
6428
6349
6429
6350
6430
6351
6431
6352
6432
6353
6433
6354
6434
6355
6435
6356
6436
6357
6437
6358
6438
6359
6439
6360
6440
6361
6441
6362
6442
6363
6443
6364
6444
6365
6445
6366
6446
6367
6447
6368
6448
6369
6449
6370
6450
6371
6451
6372
6452
6373
6453
6374
6454
6375
6455
6376
6456
6377
6457
6378
6458
6379
6459
6380
6460
6381
6461
6382
6462
6383
6463
6384
6464
6385
6465
6386
6466
6387
6467
6388
6468
6389
6469
6390
6470
6391
6471
6392
6472
6393
6473
6394
6474
6395
6475
6396
6476
6397
6477
6398
6478
6479
6400
6480
6401
6481
6402
6482
6403
6483
6404
6484
6405
6485
6406
6486
6407
6487
6408
6488
6409
6489
6410
6490
6411
6491
6412
6492
6413
6493
6414
6494
6415
6495
6416
6496
6417
6497
6418
6498
6419
6499
6420
6500
6421
6501
6422
6502
6423
6503
6424
6504
6425
6505
6426
6506
6427
6507
6428
6508
6429
6509
6430
6510
6431
6511
6432
6512
6433
6513
6434
6514
6435
6515
6436
6516
6437
6517
6438
6518
6439
6519
6440
6520
6441
6521
6442
6522
6443
6523
6444
6524
6445
6525
6446
6526
6447
6527
6448
6528
6449
6529
6450
6530
6451
6531
6452
6532
6453
6533
6454
6534
6455
6535
6456
6536
6457
6537
6458
6538
6459
6539
6460
6540
6461
6541
6462
6542
6463
6543
6464
6544
6465
6545
6466
6546
6467
6547
6468
6548
6469
6549
6470
6550
6471
6551
6472
6552
6473
6553
6474
6554
6475
6555
6476
6556
6477
6557
6478
6558
6479
6559
6560
6481
6482
6483
6484
6485
6486
6487
6488
6489
6490
6491
6492
6493
6494
6495
6496
6497
6498
6499
6500
6501
6502
6503
6504
6505
6506
6507
6508
6509
6510
6511
6512
6513
6514
6515
6516
6517
6518
6519
6520
6521
6522
6523
6524
6525
6526
6527
6528
6529
6530
6531
6532
6533
6534
6535
6536
6537
6538
6539
6540
6541
6542
6543
6544
6545
6546
6547
6548
6549
6550
6551
6552
6553
6554
6555
6556
6557
6558
6559
6560
)


// ************************************************************************* //
