/*--------------------------------*- C++ -*----------------------------------*\
| =========                 |                                                 |
| \\      /  F ield         | OpenFOAM: The Open Source CFD Toolbox           |
|  \\    /   O peration     | Version:  2.1.1                                 |
|   \\  /    A nd           | Web:      www.OpenFOAM.org                      |
|    \\/     M anipulation  |                                                 |
\*---------------------------------------------------------------------------*/
FoamFile
{
    version     2.0;
    format      ascii;
    class       volScalarField;
    location    "1.5";
    object      p;
}
// * * * * * * * * * * * * * * * * * * * * * * * * * * * * * * * * * * * * * //

dimensions      [0 2 -2 0 0 0 0];

internalField   nonuniform List<scalar> 
6561
(
5.56843e-09
-2.14613e-06
-6.41651e-05
-0.000183512
-0.000345842
-0.000538185
-0.000749166
-0.000969118
-0.00119008
-0.00140569
-0.00161094
-0.00180188
-0.00197551
-0.00212955
-0.00226227
-0.00237244
-0.00245914
-0.00252174
-0.00255981
-0.00257303
-0.00256122
-0.00252424
-0.00246203
-0.00237456
-0.00226184
-0.00212393
-0.00196094
-0.00177306
-0.00156054
-0.00132377
-0.00106324
-0.000779592
-0.000473631
-0.000146355
0.000201036
0.000567125
0.000950261
0.00134856
0.00175988
0.00218185
0.00261186
0.00304708
0.00348447
0.00392079
0.00435267
0.00477661
0.00518903
0.00558632
0.00596488
0.0063212
0.00665186
0.00695366
0.00722362
0.00745906
0.00765765
0.00781748
0.00793709
0.00801551
0.0080523
0.00804758
0.00800205
0.00791701
0.00779432
0.00763648
0.00744652
0.00722806
0.00698524
0.00672271
0.00644561
0.00615955
0.00587041
0.00558481
0.0053094
0.00505132
0.00481798
0.00461696
0.00445569
0.00434079
0.00427703
0.00426599
0.0042951
2.11783e-06
-3.17773e-08
-5.4881e-05
-0.000156224
-0.000292319
-0.000453982
-0.000632515
-0.000820182
-0.00101025
-0.0011971
-0.00137615
-0.00154369
-0.00169676
-0.00183308
-0.00195083
-0.00204868
-0.00212557
-0.00218076
-0.00221366
-0.00222387
-0.0022111
-0.00217513
-0.00211583
-0.00203313
-0.00192699
-0.00179745
-0.00164462
-0.00146866
-0.00126985
-0.00104854
-0.000805221
-0.000540527
-0.000255238
4.96879e-05
0.000373106
0.00071367
0.00106982
0.00143978
0.00182156
0.00221294
0.0026115
0.0030146
0.00341944
0.00382303
0.00422228
0.00461397
0.00499482
0.00536154
0.00571084
0.00603951
0.00634449
0.00662284
0.0068719
0.00708926
0.00727285
0.00742097
0.00753236
0.00760619
0.00764213
0.00764037
0.00760162
0.00752713
0.00741872
0.00727869
0.00710992
0.00691575
0.00670002
0.00646702
0.00622147
0.00596844
0.00571335
0.00546197
0.00522026
0.00499438
0.00479058
0.00461501
0.00447346
0.00437058
0.00430962
0.00429483
0.00432411
6.43046e-05
5.46912e-05
-5.7188e-07
-9.43611e-05
-0.000216874
-0.000360817
-0.000519316
-0.000685957
-0.000855052
-0.00102172
-0.00118188
-0.00133214
-0.00146975
-0.00159251
-0.00169867
-0.00178687
-0.00185603
-0.00190535
-0.00193421
-0.00194213
-0.00192877
-0.00189386
-0.00183722
-0.00175874
-0.00165836
-0.00153608
-0.001392
-0.00122625
-0.00103908
-0.00083084
-0.000601985
-0.000353114
-8.49696e-05
0.000201539
0.000505327
0.000825122
0.00115945
0.00150665
0.00186482
0.0022319
0.00260561
0.00298348
0.00336288
0.00374103
0.00411501
0.00448184
0.00483846
0.00518178
0.00550877
0.00581643
0.00610192
0.00636252
0.00659578
0.00679946
0.00697168
0.00711088
0.00721593
0.00728609
0.00732112
0.00732123
0.00728713
0.00722006
0.00712173
0.00699435
0.00684064
0.00666376
0.00646729
0.00625524
0.00603197
0.00580217
0.00557081
0.0053431
0.00512439
0.00492013
0.00473576
0.00457655
0.00444739
0.00435216
0.00429391
0.00427966
0.00431356
0.000184865
0.000156423
9.22233e-05
-2.49837e-06
-0.000120698
-0.000256298
-0.000403588
-0.000557247
-0.000712498
-0.000865172
-0.00101171
-0.00114913
-0.00127496
-0.00138719
-0.0014842
-0.00156471
-0.00162768
-0.00167233
-0.00169802
-0.00170426
-0.0016907
-0.00165703
-0.00160304
-0.0015286
-0.00143361
-0.00131805
-0.00118198
-0.0010255
-0.000848835
-0.000652285
-0.000436274
-0.000201351
5.17922e-05
0.000322308
0.000609179
0.000911211
0.00122702
0.00155503
0.00189347
0.00224038
0.0025936
0.00295081
0.00330952
0.0036671
0.00402079
0.00436777
0.00470513
0.00502997
0.0053394
0.0056306
0.00590086
0.00614764
0.00636859
0.00656164
0.00672498
0.00685718
0.00695717
0.00702428
0.0070583
0.00705947
0.00702849
0.00696654
0.00687529
0.00675687
0.00661384
0.00644921
0.00626638
0.00606912
0.0058615
0.00564789
0.00543288
0.00522125
0.00501788
0.00482766
0.00465546
0.00450598
0.00438363
0.00429201
0.00423432
0.00421871
0.00425148
0.000350523
0.000294127
0.000214298
0.000112897
-6.6616e-06
-0.000139377
-0.000280513
-0.000425762
-0.00057121
-0.00071339
-0.0008493
-0.000976389
-0.00109252
-0.00119594
-0.00128521
-0.00135917
-0.00141687
-0.00145758
-0.0014807
-0.00148576
-0.00147237
-0.00144025
-0.00138916
-0.00131893
-0.00122944
-0.00112064
-0.000992543
-0.000845225
-0.000678853
-0.000493687
-0.000290096
-6.8571e-05
0.00017026
0.00042562
0.000696568
0.000981994
0.00128061
0.00159093
0.00191129
0.00223984
0.00257455
0.00291322
0.00325347
0.00359282
0.00392864
0.00425823
0.00457882
0.00488765
0.00518194
0.005459
0.00571624
0.00595123
0.00616171
0.0063457
0.00650149
0.00662769
0.00672329
0.00678767
0.00682061
0.00682238
0.00679364
0.00673556
0.00664972
0.00653817
0.00640337
0.00624818
0.00607583
0.00588986
0.00569413
0.0054927
0.00528984
0.00508995
0.00489748
0.0047169
0.00455257
0.00440876
0.00428944
0.00419802
0.00413769
0.00411621
0.00413969
0.000549254
0.00045923
0.000358739
0.00024605
0.000120511
-1.38423e-05
-0.000153106
-0.000293905
-0.000433136
-0.000568007
-0.000696072
-0.000815236
-0.000923727
-0.00102007
-0.00110305
-0.00117167
-0.00122511
-0.00126273
-0.00128397
-0.0012884
-0.00127566
-0.00124546
-0.00119754
-0.00113172
-0.00104786
-0.000945871
-0.000825711
-0.000687421
-0.000531113
-0.000356991
-0.000165359
4.33577e-05
0.000268605
0.000509684
0.00076574
0.00103575
0.00131852
0.00161266
0.00191662
0.00222864
0.00254682
0.00286904
0.00319306
0.00351648
0.00383681
0.00415144
0.00445771
0.00475295
0.00503448
0.0052997
0.0055461
0.00577131
0.00597315
0.00614969
0.00629926
0.00642051
0.00651245
0.00657447
0.00660638
0.00660839
0.00658118
0.00652584
0.00644391
0.00633735
0.00620854
0.00606019
0.00589539
0.00571751
0.00553017
0.00533721
0.00514261
0.00495045
0.00476482
0.0045898
0.00442938
0.0042874
0.0041675
0.00407284
0.00400652
0.00397484
0.00398253
0.000770303
0.000643265
0.000518768
0.000391256
0.000256016
0.000116279
-2.47536e-05
-0.000164549
-0.000300757
-0.000431219
-0.000554035
-0.000667565
-0.000770415
-0.000861416
-0.000939596
-0.00100415
-0.00105442
-0.00108985
-0.00110998
-0.00111443
-0.00110286
-0.001075
-0.00103059
-0.000969426
-0.000891341
-0.000796207
-0.000683947
-0.000554543
-0.000408049
-0.000244603
-6.44392e-05
0.000132095
0.000344525
0.000572239
0.000814471
0.00107029
0.0013386
0.00161811
0.00190737
0.00220472
0.00250834
0.00281623
0.00312624
0.00343607
0.00374329
0.00404539
0.00433979
0.00462387
0.00489504
0.00515072
0.00538847
0.00560595
0.00580101
0.00597174
0.00611649
0.00623391
0.00632302
0.00638318
0.0064142
0.00641625
0.00638998
0.00633643
0.00625708
0.00615383
0.00602894
0.00588505
0.00572509
0.00555229
0.00537011
0.00518215
0.00499217
0.00480397
0.00462137
0.00444812
0.00428788
0.00414414
0.00402022
0.00391908
0.00384362
0.00379816
0.00378545
0.00100421
0.000838475
0.000687756
0.000542862
0.00039512
0.000247094
0.000101392
-4.02137e-05
-0.000176061
-0.000304591
-0.000424422
-0.000534362
-0.000633396
-0.00072067
-0.000795472
-0.000857206
-0.000905375
-0.000939556
-0.000959382
-0.000964534
-0.000954719
-0.000929674
-0.000889156
-0.000832942
-0.000760837
-0.000672674
-0.000568329
-0.000447726
-0.000310854
-0.000157778
1.13458e-05
0.000196253
0.000396559
0.000611741
0.000841128
0.00108389
0.00133901
0.00160533
0.00188145
0.00216584
0.00245676
0.00275229
0.00305037
0.00334876
0.00364511
0.00393696
0.00422178
0.00449701
0.00476007
0.00500842
0.00523962
0.00545134
0.00564145
0.005808
0.00594934
0.0060641
0.00615126
0.00621017
0.00624058
0.00624263
0.00621692
0.00616444
0.00608661
0.00598526
0.00586256
0.00572106
0.00556359
0.00539326
0.00521335
0.00502732
0.00483873
0.00465117
0.0044682
0.00429332
0.00412992
0.0039812
0.00385017
0.00373963
0.00365227
0.00359021
0.00355398
0.0012427
0.00103765
0.000859417
0.000695395
0.000533122
0.000374614
0.000221981
7.63119e-05
-6.1364e-05
-0.000190043
-0.000308836
-0.000416986
-0.000513847
-0.000598884
-0.000671646
-0.000731757
-0.000778892
-0.000812764
-0.000833113
-0.000839688
-0.000832248
-0.000810554
-0.000774367
-0.000723453
-0.000657589
-0.000576568
-0.000480214
-0.000368388
-0.000241009
-9.80625e-05
6.03784e-05
0.00023414
0.000422931
0.000626327
0.000843754
0.00107448
0.0013176
0.00157202
0.00183647
0.00210948
0.00238941
0.00267441
0.00296249
0.00325146
0.00353904
0.00382279
0.00410023
0.00436878
0.0046259
0.00486903
0.00509573
0.00530364
0.00549058
0.0056546
0.00579397
0.0059073
0.00599351
0.0060519
0.00608214
0.00608434
0.00605903
0.00600713
0.00593002
0.00582943
0.00570749
0.00556665
0.00540966
0.0052395
0.00505937
0.00487258
0.00468252
0.00449263
0.00430627
0.00412674
0.00395721
0.00380063
0.00365976
0.00353727
0.00343569
0.00335485
0.00329308
0.00147863
0.00123429
0.0010279
0.00084363
0.000665408
0.000494802
0.000333505
0.000181989
4.07046e-05
-8.98612e-05
-0.000209285
-0.000317219
-0.000413383
-0.000497547
-0.000569525
-0.000629158
-0.000676299
-0.000710804
-0.000732517
-0.000741268
-0.000736865
-0.000719097
-0.000687731
-0.000642522
-0.000583217
-0.000509568
-0.000421339
-0.000318329
-0.000200378
-6.73897e-05
8.06549e-05
0.000243677
0.000421485
0.000613755
0.000820017
0.00103964
0.00127181
0.00151555
0.00176966
0.00203278
0.00230331
0.0025795
0.0028594
0.00314088
0.00342167
0.00369937
0.0039715
0.0042355
0.00448878
0.00472877
0.00495298
0.005159
0.00534461
0.00550778
0.00564672
0.00575995
0.00584631
0.00590504
0.00593574
0.00593843
0.00591357
0.00586202
0.00578507
0.00568441
0.00556208
0.00542046
0.00526224
0.00509031
0.00490777
0.00471783
0.00452379
0.00432893
0.00413649
0.00394961
0.00377128
0.00360427
0.00345115
0.00331451
0.00319676
0.00309551
0.00300695
0.00170566
0.00142249
0.00118776
0.000982602
0.000787498
0.000603647
0.000432391
0.000273645
0.000127323
-6.56455e-06
-0.000128031
-0.00023712
-0.000333896
-0.00041843
-0.000490793
-0.000551039
-0.000599199
-0.000635267
-0.000659198
-0.000670898
-0.000670229
-0.000657004
-0.000630999
-0.000591953
-0.000539583
-0.000473594
-0.000393692
-0.000299603
-0.000191087
-6.79572e-05
6.98997e-05
0.000222507
0.000389776
0.00057149
0.000767286
0.000976634
0.00119883
0.00143298
0.00167799
0.00193257
0.0021952
0.00246418
0.00273761
0.0030134
0.00328931
0.00356294
0.00383179
0.00409327
0.00434478
0.00458368
0.00480742
0.00501353
0.00519967
0.00536374
0.00550386
0.00561843
0.00570622
0.00576633
0.00579829
0.00580203
0.0057779
0.0057267
0.00564963
0.00554831
0.00542473
0.0052812
0.00512033
0.00494496
0.00475814
0.00456299
0.00436273
0.00416057
0.00395964
0.00376298
0.00357347
0.00339376
0.00322624
0.00307353
0.00293799
0.00281508
0.00269896
0.00191816
0.00159686
0.00133394
0.0011076
0.000895058
0.000697193
0.000515046
0.000348018
0.000195534
5.71552e-05
-6.75394e-05
-0.000178965
-0.000277514
-0.000363546
-0.000437376
-0.000499269
-0.000549424
-0.000587975
-0.00061498
-0.000630422
-0.000634212
-0.000626189
-0.000606131
-0.000573761
-0.000528761
-0.000470787
-0.000399481
-0.000314492
-0.000215494
-0.000102208
2.55838e-05
0.000168009
0.00032509
0.00049672
0.000682645
0.000882446
0.00109552
0.00132107
0.0015581
0.00180538
0.00206149
0.00232476
0.00259334
0.00286517
0.00313801
0.00340946
0.00367699
0.00393799
0.00418976
0.00442964
0.00465495
0.00486313
0.00505175
0.00521857
0.00536159
0.00547911
0.00556973
0.00563247
0.0056667
0.00567226
0.00564939
0.00559879
0.00552159
0.00541931
0.00529389
0.00514758
0.00498295
0.00480278
0.00461007
0.00440792
0.0041995
0.00398796
0.00377639
0.00356779
0.00336497
0.00317049
0.00298669
0.00281622
0.0026615
0.00251593
0.00237174
0.00211098
0.00175242
0.00146168
0.00121415
0.000983909
0.00077156
0.000577882
0.000401801
0.000242281
9.84699e-05
-3.0442e-05
-0.000145219
-0.000246566
-0.000335114
-0.000411415
-0.00047593
-0.000529025
-0.000570962
-0.0006019
-0.000621893
-0.000630897
-0.000628773
-0.000615297
-0.000590172
-0.000553041
-0.000503505
-0.000441137
-0.000365508
-0.000276198
-0.000172827
-5.50731e-05
7.7305e-05
0.000224444
0.000386352
0.000562892
0.000753756
0.00095845
0.00117628
0.00140632
0.00164745
0.00189829
0.00215725
0.0024225
0.002692
0.00296351
0.00323462
0.00350276
0.00376525
0.00401935
0.00426226
0.00449122
0.00470355
0.00489667
0.00506821
0.00521602
0.00533822
0.0054333
0.00550008
0.00553783
0.00554623
0.0055254
0.00547593
0.00539884
0.00529559
0.00516804
0.00501837
0.00484913
0.00466306
0.00446314
0.00425246
0.00403417
0.00381142
0.00358731
0.00336481
0.00314675
0.00293566
0.00273385
0.00254411
0.00236898
0.0021999
0.00202724
0.00227938
0.00188455
0.00156652
0.001298
0.00105002
0.000822953
0.00061734
0.000431661
0.000264447
0.000114452
-1.94967e-05
-0.000138495
-0.000243543
-0.00033553
-0.000415231
-0.000483295
-0.000540241
-0.000586454
-0.000622186
-0.000647556
-0.000662558
-0.000667069
-0.000660859
-0.000643606
-0.000614909
-0.000574308
-0.000521305
-0.00045538
-0.000376019
-0.000282736
-0.000175096
-5.27393e-05
8.45901e-05
0.000237024
0.000404543
0.000586957
0.000783885
0.000994731
0.00121868
0.00145467
0.0017014
0.00195734
0.00222068
0.0024894
0.00276125
0.00303381
0.00330444
0.00357041
0.00382886
0.00407691
0.00431167
0.0045303
0.00473007
0.00490843
0.00506305
0.00519188
0.00529322
0.00536572
0.00540847
0.00542098
0.00540324
0.0053557
0.00527927
0.00517531
0.0050456
0.00489229
0.00471787
0.00452508
0.00431688
0.00409639
0.00386677
0.00363121
0.00339284
0.00315469
0.00291962
0.00269022
0.00246883
0.00225844
0.00206175
0.00186835
0.00166681
0.00241896
0.00198891
0.00164425
0.00135508
0.0010895
0.000847671
0.000629909
0.00043427
0.000258877
0.000102108
-3.75553e-05
-0.000161522
-0.00027107
-0.000367336
-0.000451303
-0.000523796
-0.000585477
-0.000636845
-0.000678235
-0.000709824
-0.000731639
-0.000743565
-0.000745359
-0.000736667
-0.00071704
-0.000685952
-0.000642823
-0.000587043
-0.000517995
-0.00043508
-0.000337744
-0.000225504
-9.79757e-05
4.50993e-05
0.00020383
0.000378148
0.000567789
0.000772268
0.000990865
0.00122261
0.00146627
0.00172035
0.0019831
0.00225251
0.00252631
0.00280204
0.00307702
0.00334843
0.00361332
0.00386867
0.00411143
0.00433861
0.00454729
0.00473472
0.00489837
0.00503598
0.00514562
0.00522575
0.00527524
0.00529343
0.00528012
0.00523561
0.00516067
0.00505657
0.00492499
0.00476804
0.00458815
0.00438807
0.00417079
0.00393944
0.00369724
0.00344747
0.00319333
0.00293793
0.00268425
0.00243496
0.00219251
0.00196012
0.00174078
0.00152224
0.00129133
0.00252555
0.00206141
0.00169086
0.00138149
0.00109859
0.00084211
0.000612136
0.000406325
0.000222407
5.84042e-05
-8.7532e-05
-0.000217109
-0.000331872
-0.000433185
-0.000522229
-0.000599993
-0.000667273
-0.000724668
-0.000772589
-0.000811262
-0.000840737
-0.000860902
-0.000871494
-0.000872121
-0.000862277
-0.000841364
-0.000808717
-0.000763627
-0.000705366
-0.000633218
-0.000546502
-0.000444605
-0.000327008
-0.000193317
-4.32887e-05
0.000123139
0.000305826
0.000504403
0.000718255
0.000946503
0.00118799
0.00144128
0.00170466
0.00197612
0.0022534
0.00253399
0.00281515
0.00309397
0.00336738
0.00363223
0.00388529
0.00412338
0.00434338
0.00454231
0.00471741
0.00486616
0.0049864
0.00507634
0.00513462
0.00516034
0.00515311
0.00511304
0.00504076
0.0049374
0.00480454
0.00464423
0.00445887
0.00425123
0.0040243
0.00378128
0.00352549
0.00326029
0.00298901
0.00271492
0.00244113
0.00217046
0.00190552
0.00164986
0.00140674
0.00116216
0.000901214
0.00259521
0.00209814
0.00170253
0.00137353
0.00107369
0.000802768
0.000560637
0.00034456
0.000151888
-1.97035e-05
-0.000172376
-0.000308124
-0.000428742
-0.000535814
-0.000630704
-0.000714554
-0.000788279
-0.000852573
-0.000907911
-0.000954557
-0.000992579
-0.00102186
-0.0010421
-0.00105288
-0.00105361
-0.00104363
-0.00102218
-0.000988434
-0.000941558
-0.000880706
-0.000805065
-0.000713883
-0.000606498
-0.000482372
-0.000341121
-0.00018254
-6.63859e-06
0.000186341
0.000395896
0.000621248
0.000861324
0.00111475
0.00137985
0.00165464
0.00193684
0.00222391
0.00251305
0.00280125
0.0030853
0.0033619
0.00362764
0.00387913
0.00411302
0.00432607
0.00451524
0.00467776
0.00481117
0.00491339
0.0049828
0.00501824
0.00501908
0.00498522
0.0049171
0.00481568
0.00468247
0.00451941
0.0043289
0.00411367
0.00387679
0.00362154
0.00335133
0.00306967
0.00278006
0.00248595
0.00219064
0.00189718
0.00160836
0.0013281
0.00106004
0.000788413
0.000496572
0.00262417
0.00209539
0.00167561
0.0013276
0.0010113
0.000726251
0.000472112
0.000245768
4.41997e-05
-0.00013525
-0.000295047
-0.000437458
-0.000564518
-0.000678016
-0.000779488
-0.000870217
-0.000951229
-0.0010233
-0.00108696
-0.0011425
-0.00119
-0.00122932
-0.00126014
-0.00128197
-0.00129418
-0.00129599
-0.00128655
-0.00126493
-0.00123017
-0.00118128
-0.00111732
-0.00103739
-0.00094066
-0.000826453
-0.000694228
-0.000543631
-0.000374525
-0.000187017
1.85142e-05
0.000241401
0.000480664
0.000735003
0.00100279
0.00128206
0.00157055
0.00186566
0.00216454
0.00246405
0.00276089
0.00305155
0.00333246
0.00359996
0.00385046
0.00408044
0.00428657
0.00446573
0.00461516
0.00473247
0.0048157
0.00486341
0.00487467
0.00484914
0.00478705
0.00468917
0.00455688
0.00439203
0.00419697
0.00397445
0.0037276
0.00345977
0.00317453
0.00287556
0.00256657
0.00225122
0.00193308
0.00161544
0.00130135
0.000995154
0.000700907
0.000401067
7.72288e-05
0.00260882
0.00204961
0.00160661
0.00124029
0.000908074
0.000609275
0.000343353
0.000106813
-0.000103723
-0.000291236
-0.000458487
-0.000608005
-0.000742051
-0.00086261
-0.000971379
-0.00106977
-0.00115891
-0.00123965
-0.00131255
-0.00137795
-0.0014359
-0.00148626
-0.00152866
-0.00156254
-0.00158719
-0.00160176
-0.00160528
-0.0015967
-0.00157493
-0.00153884
-0.00148733
-0.00141934
-0.00133391
-0.00123016
-0.00110741
-0.000965125
-0.000803024
-0.000621061
-0.000419475
-0.00019881
4.00613e-05
0.000295925
0.000567212
0.000852001
0.00114802
0.00145264
0.00176295
0.00207572
0.00238749
0.0026946
0.00299323
0.00327949
0.00354951
0.00379945
0.00402563
0.00422461
0.00439324
0.00452877
0.00462888
0.00469178
0.00471622
0.00470156
0.00464776
0.00455541
0.00442569
0.00426036
0.00406172
0.00383253
0.00357595
0.00329547
0.00299482
0.00267787
0.00234858
0.00201089
0.00166866
0.00132548
0.000984717
0.000651177
0.000329394
1.06937e-08
-0.000357193
0.00254571
0.00195742
0.00149219
0.00110832
0.00076078
0.000448677
0.000171254
-7.53532e-05
-0.000294876
-0.00049061
-0.000665601
-0.000822631
-0.000964179
-0.00109241
-0.00120918
-0.00131602
-0.00141414
-0.00150445
-0.00158756
-0.00166381
-0.00173326
-0.00179571
-0.00185076
-0.00189778
-0.00193597
-0.00196439
-0.00198194
-0.00198746
-0.0019797
-0.0019574
-0.00191929
-0.00186415
-0.00179082
-0.00169829
-0.00158566
-0.00145224
-0.00129757
-0.00112145
-0.000923945
-0.00070547
-0.000466771
-0.000208962
6.64681e-05
0.000357643
0.000662304
0.000977817
0.00130119
0.00162912
0.00195798
0.00228393
0.00260293
0.00291083
0.00320344
0.00347657
0.00372619
0.00394844
0.00413979
0.00429705
0.00441749
0.00449893
0.00453973
0.00453891
0.00449612
0.0044117
0.00428664
0.00412255
0.00392167
0.00368675
0.00342102
0.00312808
0.00281185
0.00247645
0.0021261
0.00176506
0.00139755
0.00102749
0.000658607
0.000296247
-5.45405e-05
-0.000414991
-0.000807211
0.00243155
0.00181557
0.00132918
0.000928549
0.000566338
0.000241422
-4.71742e-05
-0.000303679
-0.000532167
-0.000736244
-0.000919232
-0.00108416
-0.0012337
-0.00137022
-0.00149569
-0.00161176
-0.00171972
-0.00182054
-0.00191486
-0.00200301
-0.00208504
-0.00216072
-0.00222958
-0.00229093
-0.00234387
-0.00238734
-0.00242014
-0.00244096
-0.00244842
-0.00244108
-0.00241751
-0.0023763
-0.00231613
-0.00223578
-0.00213416
-0.00201039
-0.00186383
-0.00169407
-0.00150103
-0.00128495
-0.00104643
-0.000786467
-0.000506455
-0.000208201
0.000106067
0.00043371
0.000771691
0.0011166
0.00146469
0.00181192
0.00215402
0.00248655
0.00280497
0.00310476
0.00338145
0.00363076
0.00384868
0.00403157
0.00417622
0.00427998
0.0043408
0.00435726
0.00432869
0.00425509
0.00413723
0.00397654
0.00377517
0.00353585
0.00326187
0.00295697
0.00262526
0.00227113
0.00189911
0.00151383
0.00111989
0.000721611
0.000323141
-6.96056e-05
-0.000451
-0.000844245
-0.00127343
0.00226318
0.00162098
0.00111453
0.000698005
0.000321813
-1.53872e-05
-0.000314793
-0.000580992
-0.000818398
-0.00103092
-0.00122214
-0.00139532
-0.00155336
-0.00169875
-0.00183363
-0.00195973
-0.00207843
-0.00219073
-0.0022973
-0.00239845
-0.00249422
-0.00258434
-0.00266826
-0.00274522
-0.00281423
-0.0028741
-0.00292352
-0.00296101
-0.00298505
-0.00299403
-0.00298634
-0.00296039
-0.00291464
-0.00284767
-0.0027582
-0.00264513
-0.0025076
-0.00234501
-0.00215707
-0.00194385
-0.00170578
-0.0014437
-0.0011589
-0.000853085
-0.000528435
-0.000187577
0.000166418
0.00053006
0.000899466
0.00127041
0.00163838
0.00199863
0.00234627
0.00267638
0.00298405
0.0032645
0.00351323
0.00372605
0.00389923
0.0040296
0.00411458
0.00415231
0.00414166
0.0040823
0.00397468
0.00382005
0.0036204
0.00337844
0.00309749
0.00278145
0.00243463
0.00206171
0.00166759
0.00125729
0.000835838
0.000408025
-2.156e-05
-0.000446352
-0.000860098
-0.00128808
-0.00175647
0.00203761
0.00137074
0.00084541
0.000413869
2.4426e-05
-0.000324496
-0.000634322
-0.000909989
-0.00115624
-0.00137729
-0.00157697
-0.00175877
-0.00192578
-0.00208067
-0.00222567
-0.00236263
-0.00249297
-0.00261776
-0.00273765
-0.00285297
-0.00296371
-0.00306955
-0.00316989
-0.00326386
-0.00335038
-0.00342813
-0.00349567
-0.00355138
-0.00359356
-0.00362042
-0.00363017
-0.00362101
-0.00359119
-0.00353908
-0.00346316
-0.0033621
-0.00323482
-0.00308048
-0.00289859
-0.00268898
-0.0024519
-0.00218803
-0.00189849
-0.00158488
-0.0012493
-0.000894335
-0.000523074
-0.000139073
0.000253665
0.000650729
0.00104736
0.0014385
0.0018189
0.0021832
0.00252599
0.002842
0.00312614
0.00337362
0.00358014
0.00374189
0.00385573
0.00391925
0.00393083
0.00388969
0.00379593
0.00365054
0.00345533
0.00321294
0.00292674
0.00260074
0.0022395
0.00184801
0.00143153
0.000995557
0.000545598
8.69352e-05
-0.00037533
-0.000833924
-0.00128191
-0.00174678
-0.00225695
0.00175202
0.00106211
0.000519116
7.34967e-05
-0.000328434
-0.000688488
-0.00100832
-0.00129321
-0.00154824
-0.00177788
-0.00198624
-0.00217702
-0.0023535
-0.00251849
-0.00267435
-0.002823
-0.00296595
-0.00310425
-0.00323861
-0.00336931
-0.00349632
-0.00361927
-0.00373746
-0.00384995
-0.00395554
-0.00405281
-0.00414013
-0.00421577
-0.00427782
-0.00432434
-0.00435331
-0.00436272
-0.0043506
-0.00431508
-0.00425439
-0.00416696
-0.00405145
-0.00390677
-0.00373217
-0.00352725
-0.00329204
-0.003027
-0.00273307
-0.00241171
-0.00206491
-0.00169519
-0.00130561
-0.000899791
-0.000481827
-5.63078e-05
0.000371762
0.000797019
0.00121382
0.00161634
0.00199868
0.00235496
0.00267948
0.0029668
0.00321193
0.00341039
0.00355837
0.00365281
0.00369152
0.00367321
0.00359755
0.00346518
0.0032777
0.00303763
0.00274836
0.00241402
0.0020394
0.00162981
0.00119097
0.000728819
0.000249428
-0.000241374
-0.000737923
-0.00123217
-0.00171644
-0.00222057
-0.0027754
0.00140379
0.000692527
0.000133154
-0.000325571
-0.000739195
-0.00110977
-0.00143918
-0.00173304
-0.00199674
-0.00223505
-0.00245231
-0.00265245
-0.0028389
-0.00301462
-0.00318208
-0.0033433
-0.00349982
-0.00365273
-0.00380273
-0.00395009
-0.00409474
-0.00423624
-0.00437383
-0.00450646
-0.00463282
-0.00475135
-0.0048603
-0.00495774
-0.00504161
-0.00510976
-0.00515995
-0.00518996
-0.00519758
-0.00518066
-0.00513719
-0.00506532
-0.00496341
-0.00483012
-0.00466441
-0.00446561
-0.00423348
-0.00396824
-0.00367062
-0.00334189
-0.00298388
-0.00259903
-0.00219034
-0.00176144
-0.00131653
-0.00086033
-0.000398093
6.45049e-05
0.000521425
0.000966365
0.00139287
0.00179443
0.00216468
0.00249745
0.00278697
0.00302802
0.00321601
0.00334717
0.0034186
0.0034284
0.00337574
0.00326083
0.00308499
0.00285058
0.00256095
0.00222035
0.00183379
0.00140694
0.000945957
0.00045732
-5.23149e-05
-0.000576508
-0.00110897
-0.00164082
-0.00216354
-0.00270954
-0.00331221
0.000990471
0.000259648
-0.000314774
-0.000785594
-0.00121009
-0.00159055
-0.00192909
-0.00223166
-0.00250395
-0.002751
-0.00297739
-0.00318724
-0.00338416
-0.00357126
-0.00375111
-0.00392578
-0.00409687
-0.00426551
-0.00443238
-0.00459774
-0.00476146
-0.00492305
-0.00508166
-0.00523615
-0.00538509
-0.00552679
-0.00565935
-0.00578066
-0.00588848
-0.00598044
-0.0060541
-0.00610699
-0.00613663
-0.00614062
-0.00611666
-0.00606259
-0.00597649
-0.00585668
-0.00570182
-0.00551093
-0.00528347
-0.00501939
-0.00471915
-0.00438378
-0.00401494
-0.0036149
-0.00318661
-0.00273365
-0.00226027
-0.00177134
-0.00127233
-0.000769206
-0.000268423
0.000223226
0.000698698
0.00115083
0.0015725
0.00195675
0.00229697
0.00258706
0.00282158
0.0029959
0.00310634
0.00315029
0.00312627
0.003034
0.00287441
0.00264965
0.00236298
0.00201873
0.00162214
0.00117923
0.000696631
0.000181407
-0.000359148
-0.000917927
-0.00148796
-0.00205942
-0.00262293
-0.00321361
-0.00386764
0.000509858
-0.000238668
-0.000826751
-0.00130862
-0.00174315
-0.00213284
-0.00248006
-0.00279107
-0.00307185
-0.0033277
-0.00356344
-0.00378339
-0.00399131
-0.00419044
-0.00438345
-0.00457249
-0.00475919
-0.00494471
-0.00512971
-0.00531445
-0.00549874
-0.00568202
-0.00586338
-0.00604155
-0.00621501
-0.00638191
-0.00654019
-0.0066876
-0.00682168
-0.00693986
-0.00703945
-0.00711774
-0.00717199
-0.00719949
-0.00719763
-0.00716395
-0.00709618
-0.00699231
-0.00685065
-0.00666987
-0.00644909
-0.00618793
-0.00588654
-0.00554569
-0.00516678
-0.0047519
-0.00430386
-0.00382617
-0.00332311
-0.00279963
-0.0022614
-0.00171468
-0.00116632
-0.000623618
-9.42304e-05
0.000413979
0.000893083
0.00133526
0.00173296
0.00207913
0.00236734
0.002592
0.00274851
0.00283341
0.00284447
0.00278079
0.00264285
0.00243245
0.00215273
0.00180805
0.00140385
0.000946529
0.000443202
-9.84509e-05
-0.000670434
-0.00126491
-0.00187415
-0.00248732
-0.00309407
-0.00373247
-0.00444166
-4.00297e-05
-0.000804324
-0.00140463
-0.00189648
-0.00234016
-0.00273842
-0.00309385
-0.00341302
-0.0037022
-0.00396693
-0.00421225
-0.00444267
-0.00466211
-0.00487393
-0.0050809
-0.00528523
-0.0054886
-0.00569217
-0.00589662
-0.00610215
-0.00630856
-0.0065152
-0.00672109
-0.00692487
-0.00712486
-0.00731912
-0.00750541
-0.00768129
-0.00784413
-0.00799111
-0.00811933
-0.00822579
-0.00830747
-0.00836136
-0.00838453
-0.00837416
-0.00832762
-0.00824253
-0.00811681
-0.00794875
-0.00773708
-0.00748105
-0.00718045
-0.00683571
-0.00644794
-0.00601899
-0.00555147
-0.00504879
-0.00451516
-0.00395562
-0.00337597
-0.00278275
-0.00218321
-0.00158513
-0.000996811
-0.000426847
0.000115978
0.000622899
0.00108536
0.0014952
0.00184492
0.00212782
0.00233825
0.00247174
0.00252519
0.00249693
0.00238685
0.00219633
0.00192831
0.0015871
0.00117833
0.000708742
0.000185974
-0.000381639
-0.000985347
-0.00161651
-0.00226658
-0.0029236
-0.00357615
-0.00426551
-0.00503401
-0.000660916
-0.00143897
-0.00205003
-0.00255075
-0.00300269
-0.00340884
-0.00377201
-0.00409906
-0.00439652
-0.0046702
-0.00492533
-0.0051666
-0.00539808
-0.00562326
-0.00584498
-0.00606554
-0.00628664
-0.00650946
-0.00673467
-0.00696246
-0.00719256
-0.00742429
-0.00765655
-0.00788791
-0.00811657
-0.00834044
-0.00855713
-0.00876402
-0.00895826
-0.00913683
-0.00929657
-0.0094342
-0.00954641
-0.00962986
-0.00968127
-0.00969746
-0.0096754
-0.00961231
-0.00950569
-0.00935339
-0.00915372
-0.00890548
-0.00860808
-0.00826154
-0.00786662
-0.00742485
-0.0069386
-0.00641109
-0.00584644
-0.00524969
-0.00462675
-0.00398441
-0.00333025
-0.00267258
-0.0020203
-0.00138281
-0.00076976
-0.000190946
0.000343965
0.000825644
0.00124534
0.00159513
0.00186813
0.00205873
0.00216277
0.00217769
0.00210261
0.0019384
0.00168765
0.00135458
0.000944943
0.000465818
-7.46267e-05
-0.000667367
-0.00130284
-0.00197153
-0.00266398
-0.00336702
-0.00406807
-0.00481182
-0.00564406
-0.00135425
-0.00214401
-0.00276429
-0.00327275
-0.00373205
-0.0041454
-0.00451582
-0.00485046
-0.00515611
-0.00543879
-0.00570394
-0.00595643
-0.00620048
-0.00643966
-0.00667693
-0.00691463
-0.00715452
-0.00739778
-0.00764508
-0.00789659
-0.00815199
-0.00841055
-0.00867109
-0.00893207
-0.00919159
-0.00944741
-0.00969699
-0.00993752
-0.010166
-0.0103791
-0.0105734
-0.0107454
-0.0108915
-0.0110079
-0.0110911
-0.0111374
-0.0111434
-0.0111059
-0.011022
-0.0108889
-0.0107046
-0.0104673
-0.010176
-0.00983027
-0.00943043
-0.00897763
-0.00847392
-0.00792227
-0.00732664
-0.006692
-0.00602432
-0.00533056
-0.00461864
-0.00389733
-0.00317618
-0.00246536
-0.00177546
-0.00111736
-0.000501907
6.02593e-05
0.000559028
0.000985075
0.00133014
0.00158727
0.00175108
0.00181791
0.00178598
0.00165546
0.00142847
0.00110907
0.000703039
0.000217771
-0.000338037
-0.000954638
-0.0016216
-0.00232845
-0.00306476
-0.00381599
-0.0045683
-0.00537007
-0.00627079
-0.0021212
-0.00292055
-0.0035485
-0.00406355
-0.00452929
-0.00494912
-0.00532631
-0.00566823
-0.00598195
-0.00627368
-0.00654907
-0.00681313
-0.00707023
-0.00732405
-0.00757764
-0.00783339
-0.0080931
-0.00835797
-0.00862868
-0.00890536
-0.00918767
-0.00947481
-0.00976553
-0.0100582
-0.0103508
-0.010641
-0.010926
-0.0112029
-0.0114685
-0.0117192
-0.0119514
-0.0121611
-0.0123446
-0.0124977
-0.0126164
-0.0126967
-0.0127348
-0.0127269
-0.0126695
-0.0125596
-0.0123944
-0.0121717
-0.01189
-0.0115482
-0.0111462
-0.0106847
-0.0101654
-0.00959091
-0.0089649
-0.00829222
-0.00757883
-0.00683182
-0.00605937
-0.00527069
-0.00447595
-0.00368609
-0.00291268
-0.00216772
-0.00146335
-0.000811597
-0.000224086
0.000288303
0.000715738
0.00104974
0.00128349
0.00141201
0.00143242
0.00134402
0.00114833
0.000849049
0.000451961
-3.53047e-05
-0.000603529
-0.00124222
-0.00194001
-0.00268543
-0.00346691
-0.00426848
-0.00507489
-0.00593848
-0.00691272
-0.00296262
-0.0037694
-0.00440345
-0.00492394
-0.00539517
-0.00582079
-0.00620423
-0.00655313
-0.00687478
-0.00717558
-0.00746138
-0.00773734
-0.00800795
-0.00827701
-0.00854764
-0.0088223
-0.00910283
-0.00939046
-0.00968585
-0.00998912
-0.0102999
-0.0106174
-0.0109402
-0.0112666
-0.0115945
-0.0119215
-0.0122446
-0.0125607
-0.0128663
-0.0131578
-0.0134312
-0.0136823
-0.0139068
-0.0141005
-0.0142587
-0.0143772
-0.0144515
-0.0144775
-0.014451
-0.0143686
-0.0142268
-0.0140229
-0.0137546
-0.0134205
-0.0130198
-0.0125526
-0.0120202
-0.0114247
-0.0107695
-0.0100593
-0.00929979
-0.00849824
-0.00766298
-0.00680361
-0.00593087
-0.00505648
-0.00419299
-0.00335355
-0.00255167
-0.00180089
-0.00111446
-0.000504988
1.59236e-05
0.000438058
0.000752908
0.000953987
0.00103707
0.00100035
0.000844558
0.00057292
0.000191061
-0.000293208
-0.000870181
-0.0015286
-0.00225613
-0.00304017
-0.003868
-0.00472199
-0.00558537
-0.00651474
-0.00756781
-0.00387906
-0.00469109
-0.00532965
-0.00585441
-0.00633021
-0.00676087
-0.00715006
-0.00750561
-0.00783502
-0.0081449
-0.00844125
-0.00872938
-0.00901391
-0.00929875
-0.0095871
-0.00988147
-0.0101838
-0.0104952
-0.0108165
-0.0111477
-0.0114885
-0.0118379
-0.0121947
-0.0125569
-0.0129224
-0.0132885
-0.0136523
-0.0140104
-0.0143591
-0.0146946
-0.0150126
-0.0153087
-0.0155782
-0.0158164
-0.0160185
-0.0161794
-0.0162945
-0.0163589
-0.0163681
-0.0163178
-0.0162041
-0.0160236
-0.0157733
-0.0154511
-0.0150555
-0.0145863
-0.0140439
-0.01343
-0.0127476
-0.0120009
-0.0111957
-0.010339
-0.00943923
-0.00850639
-0.00755171
-0.00658764
-0.00562771
-0.00468627
-0.00377821
-0.00291871
-0.00212277
-0.0014049
-0.00077867
-0.000256268
0.000151877
0.00043748
0.000594713
0.000620439
0.000514352
0.000279004
-8.02794e-05
-0.000555609
-0.00113684
-0.00181196
-0.00256759
-0.00338997
-0.00426505
-0.00517344
-0.00609669
-0.00709592
-0.00823342
-0.00487072
-0.00568583
-0.00632732
-0.00685517
-0.00733459
-0.00776958
-0.00816398
-0.00852584
-0.00886283
-0.00918174
-0.00948872
-0.00978924
-0.010088
-0.0103891
-0.0106958
-0.0110105
-0.0113354
-0.0116716
-0.0120199
-0.0123804
-0.0127526
-0.0131356
-0.013528
-0.013928
-0.0143332
-0.0147408
-0.0151479
-0.0155507
-0.0159456
-0.0163284
-0.0166945
-0.0170392
-0.0173576
-0.0176446
-0.0178947
-0.0181028
-0.0182633
-0.0183711
-0.0184209
-0.0184078
-0.0183272
-0.0181751
-0.0179477
-0.0176422
-0.0172565
-0.0167894
-0.0162408
-0.0156118
-0.0149048
-0.0141237
-0.0132738
-0.012362
-0.0113968
-0.0103884
-0.00934837
-0.00828998
-0.00722763
-0.00617688
-0.00515407
-0.00417605
-0.00325973
-0.00242168
-0.00167762
-0.00104198
-0.000527368
-0.000144164
9.99117e-05
0.000200091
0.000154769
-3.44105e-05
-0.000362613
-0.000822005
-0.00140208
-0.00209009
-0.0028716
-0.00373155
-0.00465451
-0.00561914
-0.00660511
-0.00767842
-0.00890619
-0.00593749
-0.00675352
-0.00739636
-0.00792615
-0.00840826
-0.00884684
-0.00924591
-0.00961369
-0.00995802
-0.0102859
-0.0106035
-0.0109166
-0.0112299
-0.0115475
-0.0118729
-0.0122087
-0.0125569
-0.0129188
-0.013295
-0.0136858
-0.0140908
-0.0145088
-0.0149386
-0.0153781
-0.015825
-0.0162765
-0.0167292
-0.0171796
-0.0176236
-0.0180568
-0.0184744
-0.0188715
-0.0192428
-0.0195826
-0.0198853
-0.0201451
-0.020356
-0.0205121
-0.0206077
-0.0206372
-0.0205952
-0.0204769
-0.0202779
-0.0199944
-0.0196236
-0.0191635
-0.0186132
-0.0179732
-0.0172451
-0.0164322
-0.0155395
-0.0145736
-0.0135428
-0.0124575
-0.0113295
-0.0101728
-0.00900263
-0.00783567
-0.00668978
-0.00558352
-0.00453581
-0.00356544
-0.00269051
-0.00192792
-0.00129275
-0.00079778
-0.000452966
-0.000265036
-0.000237207
-0.000369026
-0.000656383
-0.00109168
-0.00166416
-0.00236038
-0.0031648
-0.00406106
-0.00503215
-0.00605464
-0.00710614
-0.00825784
-0.00958197
-0.0070789
-0.00789372
-0.00853639
-0.00906698
-0.00955085
-0.00999229
-0.0103955
-0.0107688
-0.0111201
-0.0114567
-0.011785
-0.0121106
-0.0124385
-0.012773
-0.0131175
-0.0134748
-0.0138468
-0.014235
-0.01464
-0.0150621
-0.0155009
-0.0159553
-0.0164238
-0.0169046
-0.0173951
-0.0178924
-0.0183932
-0.0188937
-0.0193896
-0.0198763
-0.0203489
-0.020802
-0.0212299
-0.0216268
-0.0219865
-0.0223027
-0.0225689
-0.0227786
-0.0229254
-0.023003
-0.0230053
-0.0229266
-0.0227617
-0.022506
-0.0221558
-0.0217081
-0.0211614
-0.020515
-0.01977
-0.018929
-0.0179963
-0.0169781
-0.0158825
-0.0147199
-0.0135023
-0.012244
-0.0109613
-0.00967182
-0.00839494
-0.00715098
-0.00596095
-0.00484597
-0.00382673
-0.00292283
-0.00215217
-0.00153024
-0.00106961
-0.000779325
-0.000664586
-0.000726465
-0.000961863
-0.00136364
-0.00192094
-0.00261969
-0.00344329
-0.00437394
-0.005393
-0.00647471
-0.00759444
-0.00882888
-0.0102557
-0.00829415
-0.00910573
-0.00974672
-0.010277
-0.0107617
-0.0112053
-0.011612
-0.0119903
-0.0123484
-0.0126935
-0.0130322
-0.0133703
-0.0137129
-0.0140642
-0.014428
-0.0148069
-0.0152031
-0.0156181
-0.0160525
-0.0165067
-0.0169801
-0.0174719
-0.0179805
-0.0185039
-0.0190397
-0.0195848
-0.0201358
-0.0206887
-0.0212391
-0.0217823
-0.0223129
-0.0228255
-0.023314
-0.0237721
-0.0241932
-0.0245704
-0.0248968
-0.0251653
-0.0253688
-0.0255002
-0.0255526
-0.0255195
-0.0253949
-0.0251731
-0.0248496
-0.0244204
-0.023883
-0.0232357
-0.0224789
-0.0216141
-0.0206451
-0.0195775
-0.0184189
-0.0171795
-0.0158715
-0.0145096
-0.0131104
-0.0116929
-0.0102778
-0.00888718
-0.00754413
-0.00627229
-0.00509509
-0.0040351
-0.0031133
-0.00234829
-0.00175561
-0.00134707
-0.00113027
-0.00110818
-0.00127907
-0.00163654
-0.00216983
-0.00286435
-0.00370245
-0.00466488
-0.00573122
-0.00687319
-0.00806369
-0.00938524
-0.0109213
-0.00958212
-0.0103885
-0.0110264
-0.0115553
-0.01204
-0.012485
-0.0128946
-0.0132775
-0.0136418
-0.0139951
-0.0143439
-0.0146942
-0.0150512
-0.0154193
-0.0158023
-0.0162029
-0.0166234
-0.0170654
-0.0175295
-0.0180162
-0.0185249
-0.0190549
-0.0196045
-0.0201718
-0.0207542
-0.0213487
-0.0219517
-0.0225591
-0.0231665
-0.0237688
-0.0243605
-0.0249358
-0.0254884
-0.0260116
-0.0264982
-0.0269411
-0.0273326
-0.0276651
-0.0279306
-0.0281215
-0.02823
-0.0282488
-0.0281707
-0.0279894
-0.0276991
-0.0272948
-0.026773
-0.026131
-0.025368
-0.0244848
-0.0234841
-0.0223709
-0.0211522
-0.0198377
-0.0184397
-0.0169729
-0.0154546
-0.0139046
-0.0123449
-0.0107993
-0.00929305
-0.00785236
-0.00650356
-0.00527241
-0.00418328
-0.00325825
-0.00251625
-0.00197233
-0.00163691
-0.00151535
-0.00160768
-0.00190858
-0.00240766
-0.00308999
-0.00393691
-0.00492767
-0.00603999
-0.00724286
-0.00850647
-0.00991951
-0.0115714
-0.0109413
-0.0117407
-0.0123742
-0.0129008
-0.0133846
-0.0138302
-0.0142421
-0.0146289
-0.0149991
-0.01536
-0.0157184
-0.0160805
-0.0164516
-0.0168361
-0.0172379
-0.01766
-0.0181047
-0.0185735
-0.0190674
-0.0195867
-0.020131
-0.0206996
-0.0212909
-0.0219028
-0.0225329
-0.0231781
-0.0238346
-0.0244984
-0.0251648
-0.0258286
-0.0264841
-0.0271251
-0.0277451
-0.0283369
-0.0288932
-0.029406
-0.0298673
-0.0302687
-0.0306016
-0.0308577
-0.0310282
-0.031105
-0.03108
-0.0309457
-0.0306954
-0.0303229
-0.0298234
-0.0291934
-0.0284308
-0.0275351
-0.0265083
-0.0253543
-0.0240794
-0.0226928
-0.0212064
-0.0196348
-0.0179959
-0.01631
-0.0146004
-0.0128924
-0.0112136
-0.00959258
-0.0080588
-0.00664141
-0.00536843
-0.0042658
-0.00335631
-0.00265868
-0.00218673
-0.0019487
-0.00194687
-0.00217741
-0.00263063
-0.00329147
-0.00414037
-0.00515512
-0.00631142
-0.00757535
-0.00891414
-0.010423
-0.0121976
-0.0123701
-0.0131607
-0.0137886
-0.0143119
-0.014794
-0.0152396
-0.0156531
-0.0160433
-0.0164185
-0.0167865
-0.0171539
-0.0175272
-0.0179116
-0.0183119
-0.018732
-0.019175
-0.0196432
-0.0201385
-0.0206618
-0.0212135
-0.0217934
-0.0224007
-0.0230338
-0.0236909
-0.0243694
-0.0250661
-0.0257773
-0.0264988
-0.0272259
-0.0279531
-0.0286747
-0.0293841
-0.0300744
-0.0307382
-0.0313677
-0.0319545
-0.0324899
-0.0329649
-0.0333704
-0.0336971
-0.0339355
-0.0340765
-0.034111
-0.0340304
-0.0338269
-0.0334933
-0.0330234
-0.0324125
-0.0316571
-0.0307559
-0.0297093
-0.0285202
-0.0271942
-0.0257395
-0.0241675
-0.0224927
-0.0207329
-0.0189091
-0.0170456
-0.0151691
-0.0133093
-0.0114973
-0.00976575
-0.00814725
-0.00667383
-0.00537561
-0.00427969
-0.00340902
-0.00278134
-0.00240837
-0.00229519
-0.00243997
-0.00283412
-0.00346274
-0.00430555
-0.00533888
-0.00653639
-0.00786097
-0.00927666
-0.0108855
-0.0127898
-0.0138663
-0.0146468
-0.015268
-0.0157872
-0.0162669
-0.0167116
-0.017126
-0.0175188
-0.0178985
-0.0182726
-0.0186483
-0.0190318
-0.0194286
-0.0198438
-0.0202811
-0.020744
-0.021235
-0.0217559
-0.0223078
-0.0228913
-0.0235062
-0.0241518
-0.0248267
-0.0255289
-0.0262559
-0.0270046
-0.0277712
-0.0285515
-0.0293405
-0.0301327
-0.0309221
-0.031702
-0.0324652
-0.0332039
-0.0339098
-0.0345741
-0.0351876
-0.0357408
-0.0362236
-0.036626
-0.0369378
-0.0371489
-0.0372492
-0.037229
-0.0370793
-0.0367917
-0.0363588
-0.0357744
-0.0350338
-0.0341343
-0.033075
-0.0318575
-0.0304864
-0.0289688
-0.0273153
-0.0255401
-0.0236608
-0.0216987
-0.0196786
-0.0176289
-0.0155809
-0.0135685
-0.0116271
-0.00979316
-0.0081029
-0.00659094
-0.00528914
-0.0042252
-0.00342143
-0.00289365
-0.00265035
-0.00269233
-0.00301257
-0.00359672
-0.00442399
-0.00546936
-0.00670437
-0.00808855
-0.00958248
-0.0112953
-0.0133363
-0.0154276
-0.0161968
-0.0168104
-0.0173248
-0.0178014
-0.0182447
-0.0186592
-0.0190539
-0.019437
-0.0198163
-0.020199
-0.0205916
-0.0209996
-0.0214282
-0.0218815
-0.022363
-0.0228753
-0.0234205
-0.0239999
-0.0246141
-0.025263
-0.0259461
-0.026662
-0.0274088
-0.0281841
-0.0289847
-0.0298069
-0.0306463
-0.031498
-0.0323562
-0.0332149
-0.0340669
-0.034905
-0.0357209
-0.036506
-0.037251
-0.0379461
-0.0385812
-0.0391456
-0.0396286
-0.040019
-0.0403057
-0.0404778
-0.0405244
-0.0404353
-0.0402008
-0.0398122
-0.039262
-0.038544
-0.0376539
-0.0365896
-0.0353512
-0.0339419
-0.0323677
-0.0306382
-0.0287668
-0.0267708
-0.0246713
-0.0224938
-0.0202677
-0.018026
-0.0158047
-0.0136427
-0.0115799
-0.00965694
-0.00791323
-0.00638584
-0.00510777
-0.00410652
-0.00340272
-0.00300904
-0.0029295
-0.0031593
-0.00368508
-0.00448589
-0.00553549
-0.00680329
-0.0082453
-0.0098183
-0.0116389
-0.0138237
-0.0170516
-0.0178085
-0.0184139
-0.0189229
-0.0193958
-0.0198369
-0.0202509
-0.0206463
-0.0210319
-0.0214152
-0.0218036
-0.0222036
-0.0226212
-0.0230615
-0.023529
-0.0240272
-0.0245591
-0.0251268
-0.0257319
-0.026375
-0.0270565
-0.0277756
-0.0285313
-0.0293218
-0.0301445
-0.0309964
-0.0318739
-0.0327723
-0.0336868
-0.0346116
-0.0355402
-0.0364655
-0.0373799
-0.0382748
-0.0391412
-0.0399693
-0.040749
-0.0414694
-0.0421192
-0.0426869
-0.0431605
-0.0435281
-0.0437775
-0.0438969
-0.0438749
-0.0437004
-0.0433634
-0.0428549
-0.0421674
-0.0412948
-0.0402336
-0.0389823
-0.0375425
-0.035919
-0.0341201
-0.0321581
-0.0300495
-0.0278154
-0.0254813
-0.0230773
-0.0206379
-0.0182014
-0.0158092
-0.0135053
-0.0113346
-0.00934159
-0.00756893
-0.00605548
-0.00483458
-0.00393241
-0.00336659
-0.00314518
-0.00326628
-0.0037181
-0.00447995
-0.00552459
-0.00681936
-0.00831654
-0.0099689
-0.0119009
-0.0142363
-0.0187354
-0.0194796
-0.0200763
-0.0205796
-0.0210482
-0.0214865
-0.021899
-0.0222943
-0.0226809
-0.0230667
-0.0234591
-0.0238647
-0.0242898
-0.0247397
-0.025219
-0.0257316
-0.0262806
-0.0268685
-0.0274969
-0.0281669
-0.0288787
-0.0296319
-0.0304256
-0.031258
-0.0321268
-0.0330289
-0.0339606
-0.0349174
-0.0358943
-0.0368854
-0.0378841
-0.0388832
-0.0398747
-0.0408497
-0.041799
-0.0427122
-0.0435787
-0.044387
-0.0451254
-0.0457814
-0.0463422
-0.0467951
-0.0471269
-0.0473246
-0.0473756
-0.0472676
-0.0469892
-0.0465299
-0.0458805
-0.0450336
-0.0439838
-0.042728
-0.0412661
-0.0396013
-0.0377405
-0.0356946
-0.0334792
-0.0311148
-0.0286266
-0.0260452
-0.0234061
-0.0207494
-0.0181195
-0.0155637
-0.0131313
-0.0108723
-0.00883511
-0.00706494
-0.00560166
-0.00447779
-0.00371674
-0.00333151
-0.00332391
-0.00368443
-0.00439314
-0.00542214
-0.00673681
-0.00828558
-0.0100169
-0.0120635
-0.0145566
-0.0204764
-0.0212077
-0.0217956
-0.0222928
-0.0227568
-0.0231917
-0.0236018
-0.0239958
-0.024382
-0.0247684
-0.0251626
-0.0255716
-0.0260015
-0.0264582
-0.0269465
-0.0274705
-0.0280338
-0.0286388
-0.0292877
-0.0299816
-0.030721
-0.0315058
-0.032335
-0.0332072
-0.0341199
-0.0350703
-0.0360547
-0.0370686
-0.0381068
-0.0391635
-0.0402319
-0.0413046
-0.0423733
-0.043429
-0.0444618
-0.0454613
-0.0464162
-0.0473145
-0.0481437
-0.0488908
-0.0495423
-0.0500842
-0.0505026
-0.0507835
-0.0509129
-0.0508773
-0.0506639
-0.0502608
-0.0496571
-0.0488437
-0.0478136
-0.0465618
-0.0450865
-0.043389
-0.0414746
-0.0393527
-0.0370376
-0.0345485
-0.0319105
-0.0291539
-0.026315
-0.0234355
-0.020562
-0.0177452
-0.015039
-0.0124984
-0.0101781
-0.00813009
-0.00640145
-0.0050318
-0.00405128
-0.00347878
-0.00332075
-0.00357082
-0.00421045
-0.00521154
-0.00653771
-0.00813343
-0.00994266
-0.0121065
-0.0147641
-0.0222715
-0.0229902
-0.0235695
-0.0240607
-0.0245198
-0.0249507
-0.0253575
-0.0257487
-0.0261328
-0.0265177
-0.0269113
-0.0273206
-0.0277524
-0.0282126
-0.0287064
-0.0292383
-0.029812
-0.0304307
-0.0310964
-0.0318107
-0.0325743
-0.0333873
-0.034249
-0.035158
-0.0361121
-0.0371083
-0.0381432
-0.0392121
-0.04031
-0.0414309
-0.0425678
-0.0437132
-0.0448586
-0.0459947
-0.0471112
-0.0481974
-0.0492415
-0.050231
-0.0511527
-0.0519929
-0.0527374
-0.0533714
-0.0538799
-0.0542479
-0.0544603
-0.0545023
-0.0543597
-0.0540191
-0.053468
-0.0526957
-0.0516933
-0.050454
-0.048974
-0.0472528
-0.0452937
-0.0431044
-0.0406974
-0.0380909
-0.0353088
-0.0323812
-0.0293444
-0.0262413
-0.0231205
-0.0200358
-0.0170451
-0.0142089
-0.011588
-0.00924173
-0.00722482
-0.00558486
-0.00435967
-0.00357508
-0.00324323
-0.00336187
-0.00391468
-0.0048739
-0.00620167
-0.00783855
-0.00972372
-0.0120071
-0.0148358
-0.0241179
-0.0248249
-0.0253962
-0.0258816
-0.0263357
-0.026762
-0.0271644
-0.0275513
-0.0279311
-0.028312
-0.0287019
-0.0291083
-0.0295382
-0.0299979
-0.030493
-0.0310285
-0.0316085
-0.0322363
-0.0329145
-0.033645
-0.0344287
-0.035266
-0.0361564
-0.0370987
-0.0380907
-0.0391298
-0.0402122
-0.0413337
-0.0424889
-0.0436718
-0.0448755
-0.046092
-0.0473129
-0.0485284
-0.0497281
-0.0509006
-0.0520339
-0.0531149
-0.0541299
-0.0550644
-0.0559035
-0.0566316
-0.0572329
-0.0576911
-0.0579901
-0.058114
-0.0580471
-0.0577744
-0.0572822
-0.0565578
-0.0555905
-0.0543717
-0.0528956
-0.0511596
-0.049165
-0.0469173
-0.0444274
-0.0417116
-0.0387926
-0.0356996
-0.0324687
-0.0291435
-0.0257738
-0.0224163
-0.0191327
-0.0159885
-0.0130511
-0.010387
-0.00805936
-0.0061244
-0.00462863
-0.00360591
-0.0030753
-0.00303973
-0.00348609
-0.0043877
-0.00570564
-0.00737661
-0.00933485
-0.0117395
-0.0147457
-0.0260126
-0.0267095
-0.0272738
-0.027754
-0.0282031
-0.0286242
-0.0290211
-0.0294019
-0.029775
-0.0301489
-0.0305316
-0.030931
-0.0313546
-0.0318091
-0.0323007
-0.0328347
-0.0334157
-0.0340476
-0.0347333
-0.0354749
-0.036274
-0.037131
-0.0380456
-0.0390169
-0.0400429
-0.041121
-0.0422475
-0.0434182
-0.0446278
-0.0458701
-0.047138
-0.0484236
-0.0497179
-0.0510112
-0.0522927
-0.0535505
-0.0547722
-0.0559443
-0.0570524
-0.0580816
-0.059016
-0.0598393
-0.0605348
-0.0610854
-0.0614737
-0.0616826
-0.0616952
-0.0614952
-0.061067
-0.0603965
-0.0594711
-0.0582802
-0.0568159
-0.0550737
-0.0530524
-0.0507556
-0.048192
-0.0453759
-0.0423282
-0.0390768
-0.0356574
-0.0321132
-0.0284954
-0.0248625
-0.0212797
-0.0178174
-0.0145491
-0.011549
-0.0088889
-0.00663443
-0.00484171
-0.00355385
-0.00279806
-0.00258376
-0.00290215
-0.00372853
-0.00502353
-0.00672013
-0.00874757
-0.0112745
-0.0144643
-0.0279529
-0.028642
-0.0292009
-0.0296766
-0.030121
-0.0305365
-0.0309265
-0.0312991
-0.0316627
-0.032026
-0.0323973
-0.0327851
-0.0331972
-0.0336411
-0.0341233
-0.03465
-0.0352261
-0.0358561
-0.0365434
-0.0372905
-0.0380993
-0.0389706
-0.0399044
-0.0408998
-0.0419552
-0.0430679
-0.0442345
-0.0454506
-0.0467109
-0.0480092
-0.0493383
-0.0506901
-0.0520554
-0.0534242
-0.0547853
-0.0561266
-0.0574352
-0.0586971
-0.0598975
-0.0610206
-0.06205
-0.0629687
-0.063759
-0.0644029
-0.0648821
-0.0651782
-0.0652731
-0.065149
-0.064789
-0.0641772
-0.0632991
-0.0621425
-0.0606973
-0.0589566
-0.0569173
-0.0545804
-0.0519522
-0.049045
-0.0458775
-0.0424761
-0.0388749
-0.0351168
-0.0312534
-0.0273447
-0.0234587
-0.0196702
-0.0160588
-0.0127061
-0.00969298
-0.007095
-0.00497886
-0.00339807
-0.00238939
-0.00197013
-0.00213714
-0.00286875
-0.00412591
-0.00583823
-0.00792985
-0.0105794
-0.0139586
-0.0299365
-0.0306208
-0.0311764
-0.0316489
-0.032089
-0.0324983
-0.03288
-0.033242
-0.0335928
-0.0339412
-0.0342963
-0.0346669
-0.0350616
-0.0354884
-0.0359548
-0.0364673
-0.0370317
-0.0376531
-0.0383353
-0.0390814
-0.0398936
-0.0407731
-0.0417202
-0.0427343
-0.0438137
-0.0449562
-0.0461581
-0.0474153
-0.0487222
-0.0500727
-0.0514593
-0.0528739
-0.054307
-0.0557483
-0.0571863
-0.0586087
-0.0600019
-0.0613516
-0.0626424
-0.0638579
-0.0649812
-0.0659944
-0.066879
-0.0676162
-0.0681866
-0.0685707
-0.0687493
-0.0687033
-0.0684143
-0.0678647
-0.0670384
-0.0659212
-0.0645011
-0.0627688
-0.0607189
-0.0583502
-0.0556664
-0.0526771
-0.049399
-0.0458561
-0.0420811
-0.0381155
-0.0340108
-0.0298278
-0.0256369
-0.0215165
-0.0175518
-0.0138319
-0.0104465
-0.00748181
-0.00501594
-0.00311394
-0.00182354
-0.00117149
-0.00116179
-0.00177713
-0.00297969
-0.00469618
-0.00684577
-0.00961748
-0.0131915
-0.0319611
-0.0326448
-0.0331999
-0.0336709
-0.0341071
-0.0345098
-0.0348816
-0.0352301
-0.0355641
-0.035893
-0.0362261
-0.0365731
-0.0369433
-0.0373458
-0.0377886
-0.0382792
-0.0388243
-0.0394293
-0.0400989
-0.0408367
-0.0416453
-0.0425263
-0.0434803
-0.0445069
-0.0456047
-0.0467713
-0.0480035
-0.0492967
-0.0506457
-0.052044
-0.0534841
-0.0549575
-0.0564547
-0.057965
-0.0594767
-0.0609769
-0.0624518
-0.0638866
-0.0652652
-0.0665709
-0.0677859
-0.0688917
-0.0698691
-0.0706984
-0.0713592
-0.0718311
-0.0720936
-0.0721264
-0.0719096
-0.0714243
-0.0706527
-0.0695786
-0.068188
-0.0664696
-0.0644156
-0.0620222
-0.0592906
-0.0562279
-0.0528479
-0.0491724
-0.0452318
-0.0410661
-0.0367257
-0.0322718
-0.027776
-0.0233202
-0.0189942
-0.0148943
-0.0111191
-0.00776576
-0.00492429
-0.00267254
-0.00107066
-0.000156505
5.71036e-05
-0.000418421
-0.00154766
-0.00325509
-0.00545512
-0.00834769
-0.0121214
-0.0340252
-0.0347135
-0.0352718
-0.0357433
-0.0361766
-0.036572
-0.0369318
-0.0372636
-0.0375763
-0.0378798
-0.0381842
-0.0385002
-0.038838
-0.0392076
-0.0396183
-0.0400783
-0.0405952
-0.0411753
-0.0418239
-0.0425453
-0.0433426
-0.0442177
-0.0451716
-0.0462041
-0.0473139
-0.0484989
-0.0497556
-0.0510797
-0.0524657
-0.053907
-0.055396
-0.056924
-0.0584812
-0.0600566
-0.061638
-0.0632124
-0.0647655
-0.0662818
-0.0677451
-0.0691378
-0.0704416
-0.0716373
-0.072705
-0.073624
-0.0743733
-0.0749313
-0.0752765
-0.0753874
-0.0752429
-0.0748224
-0.0741066
-0.0730776
-0.0717194
-0.0700187
-0.0679653
-0.0655528
-0.0627801
-0.0596512
-0.0561774
-0.0523775
-0.0482795
-0.0439213
-0.0393518
-0.0346315
-0.0298328
-0.0250397
-0.0203466
-0.015856
-0.0116753
-0.00791252
-0.00467031
-0.00204026
-9.64005e-05
0.00111056
0.00155711
0.00124703
0.000211909
-0.00147142
-0.00371293
-0.00672414
-0.0107021
-0.036128
-0.0368274
-0.0373933
-0.0378678
-0.0382993
-0.0386868
-0.0390323
-0.0393434
-0.0396293
-0.0399007
-0.0401687
-0.0404451
-0.0407413
-0.0410685
-0.0414371
-0.0418567
-0.0423357
-0.0428814
-0.0434999
-0.0441961
-0.0449736
-0.0458349
-0.0467811
-0.0478123
-0.0489276
-0.0501245
-0.0513999
-0.0527492
-0.0541668
-0.0556461
-0.0571792
-0.0587572
-0.0603698
-0.0620059
-0.063653
-0.0652974
-0.0669246
-0.0685186
-0.0700626
-0.0715385
-0.0729274
-0.0742094
-0.0753639
-0.0763694
-0.0772041
-0.0778454
-0.0782709
-0.0784577
-0.0783837
-0.0780269
-0.0773664
-0.0763827
-0.0750579
-0.0733767
-0.0713266
-0.0688989
-0.0660897
-0.0629004
-0.0593393
-0.0554223
-0.0511744
-0.046631
-0.0418389
-0.0368574
-0.0317588
-0.0266284
-0.0215641
-0.016674
-0.0120739
-0.00788228
-0.00421506
-0.00117835
0.00113856
0.00267031
0.00338066
0.00326379
0.00234572
0.000703493
-0.00156904
-0.00469569
-0.0088821
-0.0382693
-0.0389881
-0.0395669
-0.0400478
-0.0404785
-0.0408574
-0.0411858
-0.0414713
-0.0417241
-0.0419555
-0.042178
-0.0424048
-0.0426488
-0.0429226
-0.0432382
-0.0436064
-0.0440367
-0.0445376
-0.045116
-0.0457774
-0.0465262
-0.0473651
-0.0482957
-0.0493182
-0.0504318
-0.0516342
-0.052922
-0.0542907
-0.0557345
-0.0572465
-0.0588187
-0.0604417
-0.0621051
-0.0637973
-0.0655055
-0.0672155
-0.0689124
-0.0705797
-0.0721999
-0.0737546
-0.0752243
-0.0765883
-0.0778252
-0.0789131
-0.079829
-0.0805496
-0.0810515
-0.0813108
-0.081304
-0.081008
-0.0804005
-0.0794603
-0.0781679
-0.0765059
-0.0744598
-0.0720185
-0.0691754
-0.0659293
-0.0622854
-0.0582567
-0.053865
-0.0491428
-0.0441343
-0.0388968
-0.0335016
-0.0280348
-0.0225965
-0.0172997
-0.0122677
-0.00762952
-0.00351397
-4.25331e-05
0.00267896
0.00456866
0.0055755
0.00568178
0.004906
0.00332395
0.0010325
-0.00220538
-0.00660396
-0.0404503
-0.0411983
-0.0417969
-0.0422877
-0.0427191
-0.0430883
-0.043396
-0.0436503
-0.0438622
-0.0440443
-0.0442108
-0.0443765
-0.0445563
-0.0447645
-0.0450147
-0.0453192
-0.0456891
-0.0461338
-0.0466612
-0.0472777
-0.0479881
-0.0487957
-0.0497024
-0.0507085
-0.0518132
-0.0530143
-0.0543083
-0.0556905
-0.0571549
-0.0586944
-0.0603005
-0.0619636
-0.063673
-0.0654165
-0.067181
-0.068952
-0.0707138
-0.0724496
-0.0741414
-0.0757701
-0.0773154
-0.0787564
-0.0800708
-0.0812359
-0.0822279
-0.0830228
-0.083596
-0.0839229
-0.0839787
-0.0837391
-0.0831804
-0.0822801
-0.0810168
-0.0793715
-0.0773276
-0.0748717
-0.0719948
-0.068693
-0.0649686
-0.0608312
-0.0562997
-0.0514033
-0.046183
-0.0406938
-0.0350053
-0.0292032
-0.0233889
-0.0176794
-0.0122045
-0.00710294
-0.0025166
0.00141732
0.00457533
0.00685736
0.00819523
0.00855692
0.0079511
0.00645054
0.00415402
0.000810193
-0.00380403
-0.0426735
-0.0434629
-0.0440893
-0.0445944
-0.0450279
-0.0453858
-0.0456685
-0.0458846
-0.0460464
-0.0461683
-0.0462664
-0.0463578
-0.0464596
-0.0465882
-0.0467592
-0.0469867
-0.0472832
-0.0476594
-0.0481244
-0.0486852
-0.0493472
-0.0501143
-0.0509884
-0.0519703
-0.0530589
-0.054252
-0.0555459
-0.0569357
-0.0584152
-0.0599768
-0.0616118
-0.0633102
-0.0650607
-0.0668509
-0.068667
-0.070494
-0.0723159
-0.0741152
-0.0758734
-0.0775708
-0.0791866
-0.0806989
-0.0820851
-0.0833215
-0.0843838
-0.0852469
-0.0858853
-0.0862736
-0.0863858
-0.0861965
-0.0856809
-0.0848147
-0.0835753
-0.0819419
-0.0798959
-0.0774219
-0.0745085
-0.0711492
-0.0673434
-0.0630977
-0.0584277
-0.0533591
-0.0479298
-0.0421915
-0.0362117
-0.0300747
-0.0238824
-0.0177545
-0.0118263
-0.00624552
-0.00116656
0.00325744
0.00688443
0.00959442
0.0112998
0.0119517
0.0115461
0.0101508
0.00786499
0.00442157
-0.000411586
-0.0449434
-0.0457889
-0.0464526
-0.0469769
-0.047414
-0.0477585
-0.0480106
-0.04818
-0.0482806
-0.0483292
-0.0483445
-0.0483464
-0.0483545
-0.0483879
-0.0484644
-0.0486001
-0.0488092
-0.0491039
-0.0494941
-0.049988
-0.0505914
-0.0513085
-0.0521415
-0.0530912
-0.0541565
-0.055335
-0.0566228
-0.0580146
-0.0595038
-0.0610825
-0.0627415
-0.0644704
-0.0662573
-0.0680894
-0.0699523
-0.0718307
-0.0737077
-0.0755654
-0.0773847
-0.0791453
-0.0808258
-0.0824036
-0.0838554
-0.0851567
-0.0862824
-0.0872068
-0.0879034
-0.0883458
-0.088507
-0.0883606
-0.0878803
-0.0870408
-0.085818
-0.0841893
-0.0821344
-0.079636
-0.0766806
-0.0732589
-0.0693677
-0.0650108
-0.0602003
-0.0549584
-0.0493197
-0.0433325
-0.0370613
-0.0305883
-0.024015
-0.0174625
-0.0110706
-0.00499486
0.000598414
0.0055403
0.00966949
0.0128446
0.0149562
0.0159357
0.0157637
0.0145001
0.0122428
0.00870732
0.00365191
-0.0472668
-0.0481862
-0.0488984
-0.0494478
-0.0498896
-0.0502176
-0.0504318
-0.0505438
-0.0505698
-0.0505297
-0.0504454
-0.0503401
-0.0502368
-0.0501574
-0.0501225
-0.0501504
-0.0502571
-0.0504563
-0.0507591
-0.0511744
-0.0517086
-0.0523662
-0.0531497
-0.0540595
-0.0550946
-0.0562522
-0.057528
-0.0589165
-0.0604104
-0.0620015
-0.0636799
-0.0654348
-0.0672537
-0.0691232
-0.0710284
-0.0729533
-0.0748806
-0.0767916
-0.0786667
-0.0804848
-0.082224
-0.083861
-0.0853717
-0.086731
-0.087913
-0.088891
-0.0896378
-0.0901259
-0.0903276
-0.0902151
-0.0897612
-0.0889392
-0.0877235
-0.0860902
-0.0840173
-0.0814857
-0.0784794
-0.0749874
-0.0710035
-0.0665287
-0.061572
-0.0561522
-0.0503002
-0.0440607
-0.0374948
-0.0306821
-0.0237226
-0.0167378
-0.00987075
-0.00328367
0.00284624
0.0083346
0.0130005
0.0166797
0.019239
0.0205867
0.0206848
0.0195824
0.017374
0.013755
0.0084738
-0.0496534
-0.0506683
-0.0514426
-0.052023
-0.0524704
-0.0527772
-0.0529444
-0.0529857
-0.0529208
-0.0527734
-0.0525698
-0.0523371
-0.0521021
-0.0518905
-0.0517255
-0.0516282
-0.0516165
-0.0517055
-0.0519077
-0.0522326
-0.0526871
-0.053276
-0.0540015
-0.0548641
-0.0558624
-0.0569933
-0.0582519
-0.0596321
-0.0611263
-0.0627254
-0.0644191
-0.0661959
-0.0680427
-0.0699454
-0.0718886
-0.0738555
-0.0758282
-0.0777875
-0.0797129
-0.0815829
-0.0833747
-0.0850645
-0.0866272
-0.0880372
-0.0892676
-0.090291
-0.0910794
-0.0916041
-0.0918366
-0.0917481
-0.0913101
-0.0904948
-0.0892752
-0.087626
-0.0855236
-0.0829471
-0.0798787
-0.076305
-0.0722175
-0.0676145
-0.0625019
-0.0568953
-0.0508218
-0.0443225
-0.0374547
-0.030295
-0.0229409
-0.0155134
-0.00815737
-0.00104062
0.00564991
0.0117151
0.0169542
0.0211792
0.0242307
0.0259911
0.0263999
0.025492
0.0233553
0.0196627
0.0141514
-0.0521174
-0.0532536
-0.0541056
-0.0547239
-0.0551765
-0.0554558
-0.0555637
-0.0555175
-0.0553417
-0.0550651
-0.0547189
-0.0543354
-0.0539461
-0.0535803
-0.053265
-0.0530237
-0.0528765
-0.0528403
-0.0529284
-0.0531511
-0.0535156
-0.0540266
-0.0546864
-0.0554951
-0.0564506
-0.0575494
-0.0587862
-0.0601539
-0.0616443
-0.0632477
-0.0649531
-0.0667481
-0.0686191
-0.0705512
-0.0725284
-0.074533
-0.0765466
-0.0785493
-0.0805198
-0.082436
-0.0842743
-0.0860102
-0.0876179
-0.0890709
-0.0903416
-0.0914018
-0.0922224
-0.092774
-0.093027
-0.0929514
-0.0925178
-0.0916971
-0.090461
-0.0887828
-0.0866373
-0.084002
-0.0808573
-0.0771877
-0.0729825
-0.0682372
-0.062955
-0.0571481
-0.0508404
-0.0440689
-0.0368873
-0.0293683
-0.0216067
-0.0137219
-0.00585956
0.00180849
0.00908667
0.0157619
0.0216141
0.0264303
0.030023
0.0322451
0.03301
0.032334
0.0302953
0.0265401
0.0207934
-0.0546776
-0.0559667
-0.0569146
-0.0575776
-0.058034
-0.0582762
-0.0583087
-0.0581542
-0.057843
-0.0574105
-0.0568945
-0.0563334
-0.0557638
-0.0552197
-0.0547318
-0.0543266
-0.0540263
-0.0538492
-0.0538096
-0.0539184
-0.0541829
-0.0546077
-0.0551946
-0.0559431
-0.0568508
-0.0579131
-0.059124
-0.0604757
-0.0619591
-0.0635638
-0.0652777
-0.0670879
-0.0689799
-0.0709381
-0.0729455
-0.074984
-0.0770342
-0.0790755
-0.0810861
-0.0830428
-0.0849215
-0.0866969
-0.0883424
-0.0898307
-0.0911334
-0.0922213
-0.0930645
-0.0936327
-0.093895
-0.0938208
-0.0933791
-0.0925398
-0.0912734
-0.0895516
-0.0873478
-0.0846378
-0.0814003
-0.0776178
-0.0732774
-0.0683722
-0.0629026
-0.0568778
-0.0503181
-0.043257
-0.035744
-0.0278481
-0.0196605
-0.0112983
-0.00290687
0.00533909
0.0132367
0.0205602
0.02707
0.0325281
0.0367165
0.0394558
0.0406282
0.0402272
0.0383165
0.0345113
0.0285221
-0.0573602
-0.0588401
-0.0599053
-0.0606196
-0.0610755
-0.0612671
-0.0612032
-0.0609135
-0.0604367
-0.0598165
-0.0590987
-0.0583289
-0.0575499
-0.0568009
-0.0561164
-0.055526
-0.0550541
-0.0547203
-0.0545398
-0.0545235
-0.0546787
-0.0550095
-0.0555172
-0.0562005
-0.0570559
-0.0580782
-0.0592602
-0.0605932
-0.0620672
-0.0636707
-0.0653909
-0.0672138
-0.0691241
-0.0711054
-0.0731399
-0.0752086
-0.0772915
-0.079367
-0.0814126
-0.0834045
-0.0853176
-0.0871259
-0.088802
-0.0903178
-0.0916439
-0.0927504
-0.0936063
-0.0941804
-0.0944408
-0.0943556
-0.0938929
-0.0930212
-0.0917096
-0.0899285
-0.0876498
-0.0848477
-0.081499
-0.0775843
-0.0730886
-0.0680027
-0.0623243
-0.0560595
-0.0492254
-0.0418517
-0.033984
-0.025687
-0.0170483
-0.00818181
0.000768321
0.00962571
0.0181815
0.0261982
0.0334175
0.0395755
0.0444223
0.0477422
0.0493815
0.0493055
0.0475579
0.0437168
0.0374755
-0.0602001
-0.0619173
-0.063124
-0.0638952
-0.0643428
-0.0644647
-0.0642762
-0.0638172
-0.0631373
-0.062291
-0.0613337
-0.0603195
-0.0592983
-0.0583149
-0.0574081
-0.0566103
-0.055948
-0.0554418
-0.0551074
-0.0549555
-0.054993
-0.0552232
-0.0556464
-0.0562604
-0.0570605
-0.0580401
-0.0591912
-0.0605038
-0.0619668
-0.0635675
-0.0652924
-0.0671262
-0.0690528
-0.0710548
-0.0731136
-0.0752094
-0.0773212
-0.0794268
-0.0815028
-0.0835245
-0.0854662
-0.0873009
-0.0890005
-0.0905359
-0.091877
-0.0929928
-0.0938515
-0.0944207
-0.0946675
-0.0945589
-0.0940618
-0.0931433
-0.0917713
-0.0899146
-0.0875437
-0.0846308
-0.0811512
-0.0770834
-0.0724104
-0.0671204
-0.0612084
-0.054678
-0.0475424
-0.039828
-0.0315761
-0.0228473
-0.0137248
-0.00431912
0.00522787
0.0147392
0.0240012
0.0327656
0.0407563
0.0476829
0.0532614
0.0572363
0.0594128
0.059721
0.0581785
0.0543177
0.0478109
-0.0632448
-0.0652554
-0.0666314
-0.0674629
-0.0678887
-0.0679134
-0.0675629
-0.066891
-0.0659617
-0.0648427
-0.0636015
-0.0623019
-0.0610018
-0.059752
-0.0585953
-0.057567
-0.0566953
-0.0560014
-0.0555008
-0.0552039
-0.0551165
-0.0552408
-0.0555757
-0.0561175
-0.0568603
-0.0577961
-0.0589153
-0.0602068
-0.0616581
-0.0632554
-0.0649839
-0.0668275
-0.0687689
-0.0707898
-0.0728706
-0.0749906
-0.0771281
-0.0792598
-0.0813617
-0.0834082
-0.0853727
-0.0872275
-0.0889436
-0.090491
-0.0918386
-0.0929546
-0.0938061
-0.0943598
-0.0945816
-0.0944372
-0.0938923
-0.0929128
-0.091465
-0.0895162
-0.0870352
-0.0839927
-0.0803618
-0.0761191
-0.0712451
-0.0657259
-0.0595536
-0.0527285
-0.0452609
-0.0371728
-0.0285017
-0.0193035
-0.00965675
0.00033216
0.0105242
0.020743
0.0307713
0.040351
0.0491886
0.0569668
0.0633655
0.0680853
0.0708836
0.0716479
0.0703615
0.0665003
0.0597096
-0.0665582
-0.0689309
-0.0705071
-0.0713982
-0.0717798
-0.0716686
-0.071106
-0.070165
-0.0689284
-0.0674807
-0.0659034
-0.0642715
-0.0626515
-0.0611002
-0.0596646
-0.0583823
-0.0572824
-0.0563862
-0.0557085
-0.0552585
-0.0550405
-0.055055
-0.0552993
-0.0557678
-0.0564528
-0.0573447
-0.0584324
-0.0597031
-0.061143
-0.0627371
-0.0644691
-0.066322
-0.0682773
-0.0703156
-0.0724166
-0.0745584
-0.0767185
-0.0788729
-0.0809964
-0.0830629
-0.0850448
-0.0869135
-0.0886393
-0.0901911
-0.0915372
-0.0926444
-0.0934792
-0.0940069
-0.0941923
-0.0940001
-0.0933945
-0.09234
-0.0908014
-0.0887445
-0.0861362
-0.0829452
-0.0791428
-0.0747032
-0.0696046
-0.0638303
-0.0573694
-0.0502191
-0.0423857
-0.0338875
-0.0247572
-0.0150453
-0.00482614
0.00579939
0.016696
0.0276889
0.0385582
0.0490375
0.0588158
0.0675485
0.0748766
0.0804519
0.0839768
0.0852872
0.084321
0.0804829
0.0733828
-0.0702265
-0.0730457
-0.074856
-0.0757983
-0.0761003
-0.0757982
-0.0749563
-0.0736739
-0.0720581
-0.0702137
-0.0682388
-0.066221
-0.0642356
-0.0623454
-0.0606007
-0.0590407
-0.0576945
-0.0565828
-0.0557186
-0.0551092
-0.0547569
-0.0546598
-0.0548128
-0.0552084
-0.0558367
-0.0566862
-0.0577438
-0.0589953
-0.0604252
-0.062017
-0.0637533
-0.0656156
-0.0675844
-0.0696394
-0.071759
-0.0739206
-0.0761006
-0.0782743
-0.0804156
-0.0824974
-0.0844915
-0.0863683
-0.0880972
-0.0896464
-0.090983
-0.0920731
-0.0928819
-0.0933737
-0.0935123
-0.0932608
-0.0925823
-0.0914397
-0.0897963
-0.0876161
-0.0848642
-0.0815072
-0.0775141
-0.0728567
-0.0675105
-0.0614556
-0.0546782
-0.0471713
-0.0389374
-0.02999
-0.0203565
-0.0100823
0.000765073
0.0120901
0.0237626
0.0356107
0.0474137
0.0588973
0.0697339
0.0795502
0.0879453
0.0945161
0.0989011
0.100873
0.10031
0.096525
0.0890811
-0.0743675
-0.0777373
-0.0798165
-0.0807893
-0.0809563
-0.0803851
-0.0791735
-0.0774564
-0.0753714
-0.0730484
-0.070604
-0.0681394
-0.0657386
-0.0634695
-0.0613849
-0.059524
-0.057915
-0.0565762
-0.0555184
-0.0547457
-0.0542575
-0.054049
-0.0541125
-0.0544375
-0.0550119
-0.0558219
-0.0568525
-0.0580874
-0.0595096
-0.0611011
-0.062843
-0.0647156
-0.0666982
-0.0687694
-0.0709065
-0.0730863
-0.0752839
-0.0774739
-0.0796293
-0.0817223
-0.0837236
-0.085603
-0.087329
-0.0888688
-0.0901886
-0.0912536
-0.092028
-0.0924749
-0.0925568
-0.0922358
-0.0914735
-0.0902311
-0.0884704
-0.0861536
-0.0832435
-0.0797049
-0.075504
-0.0706099
-0.0649951
-0.0586363
-0.0515158
-0.0436225
-0.0349537
-0.0255176
-0.0153355
-0.00444602
0.00709062
0.0191863
0.0317178
0.0445179
0.0573669
0.0699845
0.0820267
0.0930904
0.102729
0.110476
0.115895
0.118679
0.118631
0.114941
0.107106
-0.0791428
-0.0831919
-0.0855733
-0.0865345
-0.086481
-0.0855296
-0.0838264
-0.0815534
-0.0788872
-0.0759866
-0.0729891
-0.0700091
-0.0671387
-0.0644492
-0.0619939
-0.0598105
-0.0579241
-0.0563497
-0.0550938
-0.0541569
-0.0535341
-0.0532172
-0.053195
-0.053454
-0.0539792
-0.0547544
-0.0557622
-0.0569845
-0.0584024
-0.0599964
-0.0617461
-0.0636304
-0.0656276
-0.0677151
-0.0698692
-0.0720657
-0.074279
-0.0764826
-0.0786489
-0.0807492
-0.0827533
-0.0846303
-0.0863478
-0.0878721
-0.0891686
-0.0902015
-0.0909339
-0.0913279
-0.0913449
-0.0909456
-0.09009
-0.0887382
-0.0868498
-0.0843853
-0.0813054
-0.0775723
-0.0731496
-0.0680033
-0.0621026
-0.0554201
-0.0479336
-0.0396269
-0.0304918
-0.0205296
-0.00975418
0.00180424
0.0140946
0.0270386
0.0405223
0.0543865
0.0684151
0.0823246
0.095756
0.108275
0.119384
0.128545
0.135229
0.139032
0.139653
0.13612
0.127831
-0.0847772
-0.0896654
-0.0923736
-0.0932457
-0.0928401
-0.0913501
-0.0889904
-0.086005
-0.082618
-0.0790213
-0.0753739
-0.0718026
-0.0684049
-0.0652529
-0.0623976
-0.0598727
-0.0576981
-0.055883
-0.0544286
-0.05333
-0.0525774
-0.0521581
-0.0520569
-0.0522567
-0.0527396
-0.0534864
-0.0544774
-0.0556924
-0.0571106
-0.0587108
-0.0604712
-0.0623694
-0.0643826
-0.0664869
-0.0686579
-0.0708703
-0.0730977
-0.0753128
-0.0774872
-0.0795913
-0.0815944
-0.0834646
-0.0851687
-0.0866723
-0.08794
-0.0889349
-0.0896191
-0.0899539
-0.0898993
-0.0894147
-0.088459
-0.0869903
-0.0849668
-0.0823468
-0.0790888
-0.0751524
-0.0704983
-0.0650891
-0.05889
-0.0518692
-0.0439994
-0.0352583
-0.0256306
-0.0151097
-0.00370031
0.00857809
0.0216863
0.035559
0.0500955
0.0651488
0.0805116
0.0959017
0.110948
0.125186
0.138062
0.148951
0.157215
0.162323
0.163835
0.160552
0.151728
-0.0915881
-0.0975139
-0.100551
-0.101197
-0.100237
-0.0979824
-0.094743
-0.0908429
-0.0865624
-0.0821291
-0.0777218
-0.0734765
-0.069492
-0.065837
-0.0625561
-0.0596754
-0.0572066
-0.0551512
-0.0535028
-0.0522497
-0.0513762
-0.0508642
-0.0506939
-0.0508444
-0.0512941
-0.0520209
-0.0530027
-0.0542171
-0.0556413
-0.0572524
-0.0590273
-0.0609424
-0.0629735
-0.0650959
-0.0672842
-0.0695121
-0.0717526
-0.0739776
-0.0761578
-0.0782632
-0.0802621
-0.082122
-0.083809
-0.0852879
-0.0865224
-0.0874749
-0.0881066
-0.0883776
-0.088247
-0.087673
-0.0866128
-0.0850233
-0.0828608
-0.0800814
-0.0766416
-0.0724981
-0.0676084
-0.0619315
-0.0554283
-0.0480619
-0.039799
-0.0306103
-0.0204724
-0.00936871
0.00270741
0.0157498
0.0297348
0.0446141
0.060306
0.0766823
0.0935518
0.110641
0.127575
0.143861
0.158885
0.171925
0.182201
0.189021
0.191753
0.188874
0.179412
-0.100035
-0.107241
-0.110561
-0.110742
-0.108917
-0.105573
-0.101153
-0.0960782
-0.0906927
-0.0852585
-0.0799695
-0.0749638
-0.0703347
-0.066141
-0.0624155
-0.059172
-0.0564109
-0.0541226
-0.0522912
-0.0508968
-0.0499164
-0.0493259
-0.0491003
-0.0492143
-0.0496427
-0.0503603
-0.0513424
-0.0525643
-0.0540015
-0.0556296
-0.0574238
-0.0593593
-0.0614111
-0.0635535
-0.0657601
-0.068004
-0.0702573
-0.0724913
-0.0746762
-0.076781
-0.0787737
-0.080621
-0.0822884
-0.0837401
-0.084939
-0.0858467
-0.0864236
-0.0866289
-0.0864206
-0.0857558
-0.0845905
-0.08288
-0.0805789
-0.0776413
-0.0740213
-0.0696727
-0.06455
-0.0586082
-0.0518032
-0.0440929
-0.0354371
-0.0257987
-0.0151442
-0.00344577
0.00931724
0.0231553
0.0380642
0.0540187
0.070963
0.0887966
0.107356
0.126389
0.14553
0.164267
0.181929
0.197681
0.210572
0.219694
0.224146
0.221936
0.211718
-0.110801
-0.119573
-0.123022
-0.122328
-0.11916
-0.114265
-0.108258
-0.101679
-0.0949346
-0.0883134
-0.0820132
-0.0761624
-0.0708382
-0.0660804
-0.0619028
-0.0583015
-0.0552604
-0.0527565
-0.050762
-0.0492469
-0.0481801
-0.0475306
-0.0472679
-0.047362
-0.047784
-0.0485057
-0.0494997
-0.0507392
-0.0521979
-0.0538499
-0.0556693
-0.0576301
-0.0597063
-0.0618714
-0.0640983
-0.0663594
-0.0686263
-0.0708695
-0.0730588
-0.0751627
-0.0771486
-0.0789827
-0.0806299
-0.0820538
-0.0832167
-0.0840796
-0.0846022
-0.0847428
-0.0844587
-0.0837057
-0.0824387
-0.0806116
-0.0781774
-0.0750883
-0.071296
-0.0667516
-0.0614062
-0.0552106
-0.0481161
-0.0400743
-0.0310379
-0.0209605
-0.0097981
0.00249082
0.0159433
0.0305899
0.0464509
0.0635305
0.0818075
0.101221
0.121651
0.142887
0.164592
0.186259
0.207174
0.226383
0.242728
0.255017
0.261972
0.260901
0.249824
-0.124945
-0.135576
-0.138781
-0.136511
-0.131263
-0.124159
-0.116029
-0.107535
-0.0991367
-0.0911279
-0.0836893
-0.0769212
-0.0708687
-0.0655404
-0.0609218
-0.0569843
-0.0536913
-0.0510023
-0.0488755
-0.0472696
-0.0461446
-0.0454621
-0.0451856
-0.0452808
-0.0457149
-0.0464567
-0.0474765
-0.0487455
-0.050236
-0.0519205
-0.0537722
-0.0557642
-0.0578697
-0.0600614
-0.0623118
-0.0645927
-0.0668752
-0.0691293
-0.0713244
-0.0734287
-0.075409
-0.0772312
-0.0788598
-0.0802579
-0.0813873
-0.0822086
-0.0826807
-0.0827614
-0.082407
-0.0815728
-0.0802123
-0.0782784
-0.0757225
-0.072495
-0.0685453
-0.063822
-0.0582728
-0.0518445
-0.0444834
-0.0361349
-0.0267438
-0.0162543
-0.00461015
0.00824493
0.0223669
0.0378096
0.0546229
0.0728474
0.0925071
0.113596
0.136056
0.159745
0.184391
0.209532
0.234445
0.258079
0.279043
0.295781
0.306482
0.307405
0.295481
-0.144185
-0.156852
-0.158986
-0.153938
-0.145485
-0.135251
-0.124302
-0.113403
-0.103027
-0.0934338
-0.0847521
-0.0770246
-0.070243
-0.0643691
-0.0593489
-0.0551216
-0.0516251
-0.0487986
-0.0465846
-0.0449294
-0.0437834
-0.043101
-0.0428401
-0.0429619
-0.0434302
-0.0442113
-0.0452734
-0.0465861
-0.0481203
-0.0498476
-0.0517403
-0.0537709
-0.0559119
-0.0581357
-0.0604143
-0.0627191
-0.0650208
-0.0672894
-0.0694938
-0.0716019
-0.0735803
-0.0753947
-0.0770091
-0.0783865
-0.0794882
-0.0802745
-0.0807039
-0.0807337
-0.0803195
-0.0794159
-0.0779757
-0.0759504
-0.0732905
-0.0699446
-0.0658602
-0.0609833
-0.0552587
-0.0486291
-0.041036
-0.0324186
-0.0227139
-0.0118563
0.000222997
0.0135964
0.0283403
0.0445349
0.0622637
0.0816107
0.102656
0.125462
0.150061
0.176412
0.204359
0.233547
0.26332
0.292595
0.31977
0.342851
0.359293
0.363804
0.351439
-0.171478
-0.185843
-0.185138
-0.175274
-0.161922
-0.147303
-0.132672
-0.118821
-0.106152
-0.0948222
-0.0848492
-0.0761794
-0.0687231
-0.0623764
-0.0570343
-0.0525968
-0.0489719
-0.0460767
-0.0438369
-0.0421867
-0.0410671
-0.040426
-0.0402161
-0.0403949
-0.0409236
-0.0417663
-0.0428898
-0.0442624
-0.0458543
-0.0476365
-0.0495806
-0.0516588
-0.0538434
-0.0561065
-0.0584199
-0.0607547
-0.0630818
-0.0653707
-0.0675903
-0.0697085
-0.0716917
-0.0735053
-0.0751135
-0.0764789
-0.0775629
-0.0783251
-0.0787241
-0.0787167
-0.0782582
-0.0773027
-0.0758023
-0.0737076
-0.0709681
-0.0675312
-0.0633425
-0.0583461
-0.0524838
-0.045695
-0.0379164
-0.0290817
-0.0191202
-0.00795687
0.00448964
0.0183078
0.0335951
0.0504596
0.0690213
0.0894131
0.111779
0.13627
0.163027
0.192159
0.223684
0.257451
0.292998
0.329355
0.364841
0.397028
0.422431
0.433555
0.422297
-0.212239
-0.226301
-0.219028
-0.200944
-0.180234
-0.159607
-0.140314
-0.122987
-0.107804
-0.0946981
-0.0834998
-0.0740065
-0.0660149
-0.0593372
-0.0538071
-0.0492806
-0.0456344
-0.0427633
-0.0405775
-0.0390001
-0.0379648
-0.0374138
-0.0372963
-0.0375672
-0.0381861
-0.0391158
-0.0403222
-0.0417735
-0.0434392
-0.0452902
-0.0472982
-0.0494353
-0.0516737
-0.0539855
-0.0563426
-0.0587163
-0.0610773
-0.0633954
-0.0656394
-0.0677773
-0.0697755
-0.0715996
-0.0732135
-0.07458
-0.0756604
-0.0764145
-0.0768004
-0.076775
-0.0762935
-0.0753093
-0.0737743
-0.0716389
-0.0688513
-0.0653581
-0.0611037
-0.0560304
-0.0500775
-0.0431817
-0.0352759
-0.0262884
-0.0161424
-0.00475373
0.00797008
0.0221327
0.0378518
0.0552625
0.0745219
0.0958135
0.119352
0.145384
0.174188
0.206058
0.241263
0.279974
0.322113
0.36709
0.413455
0.458637
0.498155
0.521698
0.51608
-0.276617
-0.283845
-0.262399
-0.230623
-0.199179
-0.170641
-0.145763
-0.124643
-0.106966
-0.0922741
-0.0801105
-0.0700668
-0.0617976
-0.0550186
-0.0494987
-0.045051
-0.0415238
-0.0387936
-0.0367586
-0.0353344
-0.0344498
-0.0340443
-0.0340654
-0.0344672
-0.0352089
-0.0362534
-0.0375667
-0.0391172
-0.0408749
-0.042811
-0.0448975
-0.0471068
-0.0494116
-0.0517842
-0.0541969
-0.0566213
-0.0590282
-0.0613878
-0.063669
-0.0658401
-0.0678677
-0.0697176
-0.0713538
-0.0727393
-0.0738355
-0.0746023
-0.074998
-0.0749794
-0.0745017
-0.0735183
-0.0719809
-0.0698395
-0.067042
-0.0635343
-0.05926
-0.05416
-0.0481722
-0.0412309
-0.0332661
-0.0242022
-0.0139571
-0.00243982
0.0104516
0.0248336
0.0408409
0.0586326
0.0783994
0.100372
0.124834
0.152132
0.182692
0.217025
0.255719
0.299398
0.348606
0.403544
0.463632
0.526899
0.588421
0.635084
0.646397
-0.383822
-0.366202
-0.316299
-0.262774
-0.21633
-0.177962
-0.146961
-0.122212
-0.102501
-0.0867657
-0.0741575
-0.0640214
-0.0558592
-0.0492935
-0.0440378
-0.0398726
-0.0366275
-0.0341689
-0.0323897
-0.0312035
-0.0305386
-0.030335
-0.0305413
-0.0311128
-0.03201
-0.0331971
-0.0346413
-0.0363122
-0.0381806
-0.0402188
-0.0423996
-0.0446961
-0.0470816
-0.0495292
-0.0520116
-0.0545009
-0.0569684
-0.0593846
-0.0617191
-0.0639402
-0.0660152
-0.0679098
-0.0695888
-0.0710152
-0.0721507
-0.0729554
-0.073388
-0.0734053
-0.0729628
-0.0720141
-0.0705107
-0.0684028
-0.0656381
-0.0621623
-0.0579185
-0.052847
-0.0468848
-0.0399649
-0.0320154
-0.0229583
-0.0127079
-0.00116869
0.0117677
0.0262265
0.0423549
0.0603296
0.0803667
0.102735
0.127775
0.155924
0.187745
0.223974
0.265557
0.313692
0.369807
0.435443
0.511919
0.599332
0.693859
0.78207
0.835996
-0.578045
-0.481808
-0.377037
-0.291903
-0.226511
-0.177414
-0.14097
-0.113785
-0.0932371
-0.0774884
-0.0652662
-0.0556848
-0.0481252
-0.0421503
-0.0374461
-0.0337829
-0.0309889
-0.0289328
-0.0275122
-0.0266452
-0.0262651
-0.0263163
-0.0267512
-0.0275287
-0.0286121
-0.0299683
-0.0315667
-0.0333787
-0.035377
-0.037535
-0.039827
-0.0422272
-0.0447097
-0.0472485
-0.0498171
-0.0523883
-0.0549341
-0.0574255
-0.0598325
-0.0621242
-0.0642681
-0.0662306
-0.0679766
-0.0694698
-0.0706722
-0.0715442
-0.0720449
-0.0721316
-0.0717598
-0.0708835
-0.0694548
-0.0674238
-0.0647384
-0.0613444
-0.0571851
-0.0522007
-0.0463281
-0.0394997
-0.0316433
-0.02268
-0.0125229
-0.00107451
0.011776
0.0261576
0.042223
0.0601572
0.0801892
0.102608
0.127788
0.156223
0.188576
0.225761
0.26905
0.320232
0.38181
0.457257
0.551168
0.668068
0.809091
0.972497
1.13582
-0.980626
-0.631198
-0.415796
-0.29272
-0.211906
-0.157162
-0.120131
-0.0944262
-0.0759309
-0.062226
-0.0518428
-0.0438463
-0.0376272
-0.0327788
-0.0290219
-0.0261582
-0.0240429
-0.022567
-0.0216458
-0.0212121
-0.0212105
-0.0215949
-0.0223252
-0.0233664
-0.0246869
-0.0262578
-0.0280518
-0.0300433
-0.0322073
-0.0345194
-0.0369556
-0.0394917
-0.0421031
-0.0447651
-0.0474521
-0.0501379
-0.0527953
-0.0553963
-0.0579115
-0.0603106
-0.0625619
-0.0646322
-0.0664871
-0.0680908
-0.0694059
-0.0703932
-0.0710124
-0.0712211
-0.0709755
-0.0702301
-0.0689373
-0.0670477
-0.0645099
-0.0612703
-0.0572726
-0.0524577
-0.0467632
-0.0401226
-0.0324645
-0.0237112
-0.0137774
-0.0025676
0.0100268
0.0241315
0.0398953
0.057498
0.0771622
0.0991696
0.123886
0.1518
0.18358
0.220172
0.262962
0.31404
0.376683
0.456229
0.561421
0.704676
0.903874
1.20993
1.67251
-1.70468
-0.781443
-0.375574
-0.226084
-0.150055
-0.104774
-0.0774484
-0.0600318
-0.0480245
-0.0392565
-0.0326256
-0.0275079
-0.0235273
-0.0204464
-0.018107
-0.0163972
-0.0152345
-0.0145553
-0.0143087
-0.0144525
-0.0149507
-0.0157717
-0.0168874
-0.0182717
-0.0199003
-0.0217502
-0.0237991
-0.0260253
-0.0284072
-0.0309233
-0.0335519
-0.0362708
-0.0390574
-0.0418885
-0.0447399
-0.0475867
-0.050403
-0.0531616
-0.0558342
-0.0583914
-0.0608021
-0.0630343
-0.0650541
-0.0668263
-0.0683142
-0.0694796
-0.0702824
-0.0706811
-0.0706326
-0.0700918
-0.069012
-0.0673446
-0.0650391
-0.0620427
-0.0583005
-0.0537545
-0.0483441
-0.0420049
-0.034668
-0.0262592
-0.0166975
-0.00589307
0.00625484
0.0198617
0.0350623
0.0520169
0.070921
0.0920177
0.115618
0.14213
0.172105
0.206319
0.245911
0.292649
0.349495
0.421911
0.520805
0.668017
0.91623
1.44107
2.48752
)
;

boundaryField
{
    movingWall
    {
        type            zeroGradient;
    }
    fixedWalls
    {
        type            zeroGradient;
    }
    frontAndBack
    {
        type            empty;
    }
}


// ************************************************************************* //
