0.000000000000000000e+00 3.000000000000000000e+02 3.000000000000000000e+02
7.812500000000000000e-03 3.073614445882717519e+02 3.073624525983424292e+02
1.562500000000000000e-02 3.147129127199334562e+02 3.147149276131746092e+02
2.343750000000000000e-02 3.220444414587765891e+02 3.220474609829149131e+02
3.125000000000000000e-02 3.293460948910723687e+02 3.293501156715138336e+02
3.906250000000000000e-02 3.366079775910282024e+02 3.366129951354315040e+02
4.687500000000000000e-02 3.438202480313739784e+02 3.438262567357386388e+02
5.468750000000000000e-02 3.509731319209029152e+02 3.509801250771640184e+02
6.250000000000000000e-02 3.580569354508924675e+02 3.580649052560116274e+02
7.031250000000000000e-02 3.650620584324526021e+02 3.650709959989928848e+02
7.812500000000000000e-02 3.719790073069976302e+02 3.719889026751683332e+02
8.593750000000000000e-02 3.787984080122096202e+02 3.788092501633638562e+02
9.375000000000000000e-02 3.855110186860564454e+02 3.855227955576239083e+02
1.015625000000000000e-01 3.921077421916480148e+02 3.921204406934828626e+02
1.093750000000000000e-01 3.985796384459567889e+02 3.985932444780776791e+02
1.171875000000000000e-01 4.049179365356937979e+02 4.049324350073924847e+02
1.250000000000000000e-01 4.111140466039204284e+02 4.111294214542135705e+02
1.328125000000000000e-01 4.171595714912878066e+02 4.171758057106830506e+02
1.406250000000000000e-01 4.230463181161253488e+02 4.230633937696734392e+02
1.484375000000000000e-01 4.287663085779582843e+02 4.287842068295586841e+02
1.562500000000000000e-01 4.343117909694036598e+02 4.343304921073322475e+02
1.640625000000000000e-01 4.396752498817945707e+02 4.396947333454173190e+02
1.718750000000000000e-01 4.448494165902933446e+02 4.448696609979310779e+02
1.796875000000000000e-01 4.498272789046918660e+02 4.498482620825972162e+02
1.875000000000000000e-01 4.546020906725474333e+02 4.546237896849555113e+02
1.953125000000000000e-01 4.591673809217767257e+02 4.591897721019885239e+02
2.031250000000000000e-01 4.635169626303167547e+02 4.635400216127727617e+02
2.109375000000000000e-01 4.676449411109675793e+02 4.676686428642692022e+02
2.187500000000000000e-01 4.715457220000544112e+02 4.715700408608869338e+02
2.265625000000000000e-01 4.752140188390812909e+02 4.752389285469939750e+02
2.343750000000000000e-01 4.786448602391030818e+02 4.786703339720980352e+02
2.421875000000000000e-01 4.818335966181044796e+02 4.818596070289868862e+02
2.500000000000000000e-01 4.847759065022573850e+02 4.848024257556971293e+02
2.578125000000000000e-01 4.874678023825150035e+02 4.874948021927702939e+02
2.656250000000000000e-01 4.899056361186073332e+02 4.899330877878581987e+02
2.734375000000000000e-01 4.920861038831131964e+02 4.921139783403539241e+02
2.812500000000000000e-01 4.940062506389087957e+02 4.940345184793460476e+02
2.890625000000000000e-01 4.956634741439255549e+02 4.956921056688283898e+02
2.968750000000000000e-01 4.970555284777882434e+02 4.970844937347371228e+02
3.046875000000000000e-01 4.981805270855560366e+02 4.982097959090351083e+02
3.125000000000000000e-01 4.990369453344393378e+02 4.990664873867181086e+02
3.203125000000000000e-01 4.996236225800298598e+02 4.996534073922774155e+02
3.281250000000000000e-01 4.999397637392408456e+02 4.999697607528188428e+02
3.359375000000000000e-01 4.999849403678289264e+02 5.000151189757052066e+02
3.437500000000000000e-01 4.997590912410344686e+02 4.997894208292629514e+02
3.515625000000000000e-01 4.992625224365556278e+02 4.992929724257652992e+02
3.593750000000000000e-01 4.984959069197419694e+02 4.985264468065792016e+02
3.671875000000000000e-01 4.974602836315716559e+02 4.974908830300391855e+02
3.750000000000000000e-01 4.961570560806461003e+02 4.961876847632833574e+02
3.828125000000000000e-01 4.945879904411120265e+02 4.946186183799603100e+02
3.906250000000000000e-01 4.927552131590879299e+02 4.927858105663853507e+02
3.984375000000000000e-01 4.906612080708387680e+02 4.906917454393896492e+02
4.062500000000000000e-01 4.883088130366041923e+02 4.883392611797682434e+02
4.140625000000000000e-01 4.857012160946430868e+02 4.857315461858901813e+02
4.218750000000000000e-01 4.828419511407061009e+02 4.828721347526828254e+02
4.296875000000000000e-01 4.797348931387907669e+02 4.797649022818462186e+02
4.375000000000000000e-01 4.763842528696710019e+02 4.764140600297894252e+02
4.453125000000000000e-01 4.727945712243173375e+02 4.728241494004060428e+02
4.531250000000000000e-01 4.689707130499414234e+02 4.690000357904235102e+02
4.609375000000000000e-01 4.649178605570050422e+02 4.649469019956675879e+02
4.687500000000000000e-01 4.606415062961290232e+02 4.606702411871777940e+02
4.765625000000000000e-01 4.561474457144189500e+02 4.561758494666925117e+02
4.843750000000000000e-01 4.514417693012969721e+02 4.514698180115933610e+02
4.921875000000000000e-01 4.465308543344825694e+02 4.465585248199539592e+02
5.000000000000000000e-01 4.414213562373095101e+02 4.414486260668801378e+02
5.078125000000000000e-01 4.361201995590906790e+02 4.361470470838563642e+02
5.156250000000000000e-01 4.306345685907552934e+02 4.306609729733230552e+02
5.234375000000000000e-01 4.249718976284772793e+02 4.249978388712044080e+02
5.312500000000000000e-01 4.191398608984866883e+02 4.191653198705827208e+02
5.390625000000000000e-01 4.131463621567227165e+02 4.131713206201759476e+02
5.468750000000000000e-01 4.069995239774194147e+02 4.070239646117140069e+02
5.546875000000000000e-01 4.007076767451435444e+02 4.007315831707323923e+02
5.625000000000000000e-01 3.942793473651995555e+02 3.943027041657030622e+02
5.703125000000000000e-01 3.877232477077055250e+02 3.877460404508040597e+02
5.781250000000000000e-01 3.810482628009979749e+02 3.810704780579912381e+02
5.859375000000000000e-01 3.742634387903675588e+02 3.742850641543736288e+02
5.937500000000000000e-01 3.673779706784440577e+02 3.673989947812138439e+02
6.015625000000000000e-01 3.604011898638456159e+02 3.604216023911693583e+02
6.093750000000000000e-01 3.533425514949797162e+02 3.533623432006652934e+02
6.171875000000000000e-01 3.462116216561342981e+02 3.462307843745381319e+02
6.250000000000000000e-01 3.390180644032257078e+02 3.390365910603190969e+02
6.328125000000000000e-01 3.317716286667723011e+02 3.317895132897285180e+02
6.406250000000000000e-01 3.244821350398432855e+02 3.244993727651320796e+02
6.484375000000000000e-01 3.171594624688880231e+02 3.171760495488671836e+02
6.562500000000000000e-01 3.098135348654835752e+02 3.098294686734778907e+02
6.640625000000000000e-01 3.024543076571439997e+02 3.024695866910048494e+02
6.718750000000000000e-01 2.950917542954175588e+02 2.951063781795591581e+02
6.796875000000000000e-01 2.877358527395583678e+02 2.877498222254664029e+02
6.875000000000000000e-01 2.803965719340878877e+02 2.804098888993017908e+02
6.953125000000000000e-01 2.730838582985747962e+02 2.730965257441426957e+02
7.031250000000000000e-01 2.658076222479397757e+02 2.658196442943518036e+02
7.109375000000000000e-01 2.585777247615562828e+02 2.585891066431605054e+02
7.187500000000000000e-01 2.514039640193472280e+02 2.514147120772557003e+02
7.265625000000000000e-01 2.442960621229894116e+02 2.443061837964848735e+02
7.343750000000000000e-01 2.372636519202217755e+02 2.372731557366756476e+02
7.421875000000000000e-01 2.303162639501130684e+02 2.303251595134291847e+02
7.500000000000000000e-01 2.234633135269820627e+02 2.234716115045807783e+02
7.578125000000000000e-01 2.167140879804726126e+02 2.167218000888345273e+02
7.656250000000000000e-01 2.100777340690786730e+02 2.100848730578660479e+02
7.734375000000000000e-01 2.035632455841754620e+02 2.035698252189534116e+02
7.812500000000000000e-01 1.971794511613557006e+02 1.971854862049368364e+02
7.890625000000000000e-01 1.909350023155907934e+02 1.909405085080283584e+02
7.968750000000000000e-01 1.848383617164309385e+02 1.848433557536874332e+02
8.046875000000000000e-01 1.788977917191349150e+02 1.789022912304550914e+02
8.125000000000000000e-01 1.731213431672709362e+02 1.731253666912904237e+02
8.203125000000000000e-01 1.675168444819656486e+02 1.675204114415868162e+02
8.281250000000000000e-01 1.620918910525866465e+02 1.620950217286560076e+02
8.359375000000000000e-01 1.568538349432363077e+02 1.568565504470595329e+02
8.437500000000000000e-01 1.518097749290082277e+02 1.518120971737393745e+02
8.515625000000000000e-01 1.469665468755082145e+02 1.469684985464525369e+02
8.593750000000000000e-01 1.423307144746788140e+02 1.423323189985487147e+02
8.671875000000000000e-01 1.379085603494810641e+02 1.379098418626479656e+02
8.750000000000000000e-01 1.337060775394909626e+02 1.337070608552746478e+02
8.828125000000000000e-01 1.297289613789470195e+02 1.297296719539879462e+02
8.906250000000000000e-01 1.259826017782577310e+02 1.259830656780176810e+02
8.984375000000000000e-01 1.224720759194291873e+02 1.224723197828663359e+02
9.062500000000000000e-01 1.192021413753113848e+02 1.192021923787783635e+02
9.140625000000000000e-01 1.161772296619884628e+02 1.161771154824025132e+02
9.218750000000000000e-01 1.134014402330521989e+02 1.134011890103862612e+02
9.296875000000000000e-01 1.108785349238957565e+02 1.108781752230423621e+02
9.375000000000000000e-01 1.086119328535582440e+02 1.086114936256177401e+02
9.453125000000000000e-01 1.066047057910295734e+02 1.066042163340745219e+02
9.531250000000000000e-01 1.048595739922943153e+02 1.048590639116638812e+02
9.609375000000000000e-01 1.033789025137567421e+02 1.033784016819347897e+02
9.687500000000000000e-01 1.021646980070438246e+02 1.021642365231746084e+02
9.765625000000000000e-01 1.012186059995287906e+02 1.012182141486258757e+02
9.843750000000000000e-01 1.005419086642619675e+02 1.005416168761649089e+02
9.921875000000000000e-01 1.001355230823301099e+02 1.001353618904650915e+02
1.000000000000000000e+00 1.000000000000000000e+02 1.000000000000000000e+02
