/*--------------------------------*- C++ -*----------------------------------*\
| =========                 |                                                 |
| \\      /  F ield         | OpenFOAM: The Open Source CFD Toolbox           |
|  \\    /   O peration     | Version:  2.1.1                                 |
|   \\  /    A nd           | Web:      www.OpenFOAM.org                      |
|    \\/     M anipulation  |                                                 |
\*---------------------------------------------------------------------------*/
FoamFile
{
    version     2.0;
    format      ascii;
    class       surfaceScalarField;
    location    "0.5";
    object      phi;
}
// * * * * * * * * * * * * * * * * * * * * * * * * * * * * * * * * * * * * * //

dimensions      [0 3 -1 0 0 0 0];

internalField   nonuniform List<scalar> 
3280
(
6.34998e-10
-6.34998e-10
9.54743e-10
-3.19746e-10
3.89586e-10
5.65157e-10
-1.1353e-09
1.52489e-09
-3.53237e-09
2.39707e-09
-6.64852e-09
3.11615e-09
-1.0319e-08
3.6705e-09
-1.43905e-08
4.07143e-09
-1.87276e-08
4.33718e-09
-2.32132e-08
4.4856e-09
-2.77443e-08
4.53104e-09
-3.22276e-08
4.48331e-09
-3.65753e-08
4.34774e-09
-4.07014e-08
4.1261e-09
-4.45191e-08
3.81771e-09
-4.79401e-08
3.42096e-09
-5.08748e-08
2.93472e-09
-5.32346e-08
2.35979e-09
-5.49347e-08
1.70013e-09
-5.58987e-08
9.63961e-10
-5.60632e-08
1.64517e-10
-5.53834e-08
-6.79816e-10
-5.38384e-08
-1.54499e-09
-5.14361e-08
-2.40235e-09
-4.82167e-08
-3.2194e-09
-4.42553e-08
-3.96134e-09
-3.96623e-08
-4.59305e-09
-3.4581e-08
-5.08128e-09
-2.91839e-08
-5.39712e-09
-2.36655e-08
-5.51835e-09
-1.82341e-08
-5.43143e-09
-1.31009e-08
-5.13318e-09
-8.4692e-09
-4.6317e-09
-4.52237e-09
-3.94684e-09
-1.41189e-09
-3.11048e-09
7.56032e-10
-2.16792e-09
1.93649e-09
-1.18045e-09
2.16745e-09
-2.3096e-10
1.61303e-09
5.5442e-10
6.51875e-10
9.61152e-10
6.51875e-10
3.37774e-10
-9.72771e-10
-5.63109e-10
5.81137e-10
-3.43475e-09
3.4368e-09
-8.44742e-09
6.53756e-09
-1.54597e-08
9.40939e-09
-2.41848e-08
1.18412e-08
-3.42782e-08
1.3764e-08
-4.53902e-08
1.51834e-08
-5.71892e-08
1.61363e-08
-6.93705e-08
1.66669e-08
-8.1654e-08
1.68146e-08
-9.3779e-08
1.66083e-08
-1.05497e-07
1.60659e-08
-1.16566e-07
1.51954e-08
-1.26747e-07
1.39987e-08
-1.35802e-07
1.24757e-08
-1.43496e-07
1.06288e-08
-1.49604e-07
8.46771e-09
-1.53917e-07
6.01284e-09
-1.56252e-07
3.29899e-09
-1.56465e-07
3.7766e-10
-1.54462e-07
-2.68329e-09
-1.50209e-07
-5.79767e-09
-1.43746e-07
-8.86508e-09
-1.35192e-07
-1.17736e-08
-1.24748e-07
-1.44049e-08
-1.12701e-07
-1.66408e-08
-9.94115e-08
-1.83705e-08
-8.53103e-08
-1.94983e-08
-7.08771e-08
-1.99515e-08
-5.66216e-08
-1.96869e-08
-4.30582e-08
-1.86966e-08
-3.06786e-08
-1.70113e-08
-1.99222e-08
-1.47032e-08
-1.11454e-08
-1.18873e-08
-4.58963e-09
-8.72372e-09
-3.44505e-10
-5.42558e-09
1.70162e-09
-2.27708e-09
1.91124e-09
3.44797e-10
9.6586e-10
1.90653e-09
1.61774e-09
-5.64578e-10
-4.08194e-10
-3.5161e-09
3.53266e-09
-9.40546e-09
9.32616e-09
-1.82999e-08
1.5432e-08
-2.99806e-08
2.10901e-08
-4.40621e-08
2.59227e-08
-6.00805e-08
2.97824e-08
-7.75511e-08
3.26539e-08
-9.59999e-08
3.45851e-08
-1.14977e-07
3.56441e-08
-1.34059e-07
3.58965e-08
-1.52844e-07
3.53932e-08
-1.70946e-07
3.41676e-08
-1.87988e-07
3.22378e-08
-2.03602e-07
2.96123e-08
-2.17424e-07
2.62978e-08
-2.29103e-07
2.23079e-08
-2.38306e-07
1.7671e-08
-2.44731e-07
1.24378e-08
-2.4812e-07
6.68724e-09
-2.48273e-07
5.30968e-10
-2.45068e-07
-5.888e-09
-2.38474e-07
-1.23915e-08
-2.28564e-07
-1.87751e-08
-2.15525e-07
-2.48132e-08
-1.9966e-07
-3.02693e-08
-1.81393e-07
-3.49082e-08
-1.61253e-07
-3.85105e-08
-1.39863e-07
-4.08878e-08
-1.17918e-07
-4.18968e-08
-9.61516e-08
-4.14534e-08
-7.53044e-08
-3.95438e-08
-5.60838e-08
-3.62319e-08
-3.91216e-08
-3.16654e-08
-2.49307e-08
-2.60782e-08
-1.38597e-08
-1.97948e-08
-6.04653e-09
-1.32387e-08
-1.37218e-09
-6.95144e-09
5.95036e-10
-1.62242e-09
6.4101e-10
1.86056e-09
2.25875e-09
-1.62492e-09
1.21673e-09
-6.99975e-09
8.90748e-09
-1.62767e-08
1.86031e-08
-2.93099e-08
2.84651e-08
-4.5737e-08
3.75173e-08
-6.50596e-08
4.52453e-08
-8.6709e-08
5.14317e-08
-1.10095e-07
5.60397e-08
-1.34634e-07
5.91242e-08
-1.59764e-07
6.07745e-08
-1.84948e-07
6.10803e-08
-2.09669e-07
6.01142e-08
-2.33427e-07
5.79261e-08
-2.55736e-07
5.45461e-08
-2.76117e-07
4.99932e-08
-2.94105e-07
4.42863e-08
-3.09254e-07
3.74572e-08
-3.21146e-07
2.9563e-08
-3.29406e-07
2.06972e-08
-3.33717e-07
1.0998e-08
-3.3384e-07
6.54751e-10
-3.29635e-07
-1.00938e-08
-3.21071e-07
-2.09552e-08
-3.08249e-07
-3.15967e-08
-2.91409e-07
-4.16536e-08
-2.70933e-07
-5.07454e-08
-2.47346e-07
-5.84948e-08
-2.21306e-07
-6.45504e-08
-1.93584e-07
-6.86095e-08
-1.65039e-07
-7.04421e-08
-1.3658e-07
-6.99121e-08
-1.09128e-07
-6.69956e-08
-8.35659e-08
-6.17945e-08
-6.06861e-08
-5.45451e-08
-4.11409e-08
-4.56234e-08
-2.53877e-08
-3.5548e-08
-1.36394e-08
-2.4987e-08
-5.81797e-09
-1.47729e-08
-1.51567e-09
-5.92473e-09
3.44691e-11
3.10423e-10
2.29321e-09
-2.70874e-09
3.92547e-09
-1.06227e-08
1.68214e-08
-2.34412e-08
3.14216e-08
-4.07275e-08
4.57515e-08
-6.19255e-08
5.87153e-08
-8.63984e-08
6.97182e-08
-1.1347e-07
7.8503e-08
-1.42454e-07
8.50243e-08
-1.72679e-07
8.9349e-08
-2.03493e-07
9.15881e-08
-2.34267e-07
9.18547e-08
-2.64395e-07
9.02421e-08
-2.93285e-07
8.68164e-08
-3.2036e-07
8.16211e-08
-3.45055e-07
7.46881e-08
-3.66821e-07
6.60526e-08
-3.85135e-07
5.57708e-08
-3.99509e-07
4.39365e-08
-4.09507e-07
3.06953e-08
-4.14765e-07
1.62562e-08
-4.1501e-07
8.99549e-10
-4.10078e-07
-1.50252e-08
-3.99939e-07
-3.10951e-08
-3.84704e-07
-4.68313e-08
-3.64647e-07
-6.17108e-08
-3.40203e-07
-7.51889e-08
-3.11972e-07
-8.67257e-08
-2.80706e-07
-9.58165e-08
-2.47291e-07
-1.02025e-07
-2.12716e-07
-1.05017e-07
-1.78038e-07
-1.0459e-07
-1.44333e-07
-1.00701e-07
-1.1264e-07
-9.34869e-08
-8.39079e-08
-8.32777e-08
-5.89288e-08
-7.06025e-08
-3.82855e-08
-5.61913e-08
-2.22963e-08
-4.09762e-08
-1.0972e-08
-2.60971e-08
-3.98653e-09
-1.29102e-08
-6.67882e-10
-3.00822e-09
1.62533e-09
-3.75701e-09
7.68248e-09
-1.41984e-08
2.72628e-08
-3.05682e-08
4.77914e-08
-5.21069e-08
6.72901e-08
-7.80322e-08
8.46406e-08
-1.07549e-07
9.92345e-08
-1.39863e-07
1.10817e-07
-1.74198e-07
1.19359e-07
-2.09801e-07
1.24953e-07
-2.45948e-07
1.27735e-07
-2.81939e-07
1.27846e-07
-3.17095e-07
1.25398e-07
-3.50754e-07
1.20475e-07
-3.82266e-07
1.13133e-07
-4.10996e-07
1.03419e-07
-4.3633e-07
9.1386e-08
-4.57678e-07
7.71194e-08
-4.74495e-07
6.07538e-08
-4.86293e-07
4.24931e-08
-4.92661e-07
2.26244e-08
-4.93288e-07
1.52673e-09
-4.87984e-07
-2.03294e-08
-4.76699e-07
-4.23805e-08
-4.59542e-07
-6.39883e-08
-4.36796e-07
-8.4457e-08
-4.08924e-07
-1.03061e-07
-3.76572e-07
-1.19077e-07
-3.4056e-07
-1.31829e-07
-3.01862e-07
-1.40723e-07
-2.61581e-07
-1.45299e-07
-2.20902e-07
-1.45268e-07
-1.81049e-07
-1.40554e-07
-1.43219e-07
-1.31317e-07
-1.08521e-07
-1.17975e-07
-7.79089e-08
-1.01215e-07
-5.21147e-08
-8.19854e-08
-3.15966e-08
-6.14943e-08
-1.64937e-08
-4.12e-08
-6.60403e-09
-2.27999e-08
-1.38749e-09
-8.22477e-09
2.37846e-10
-4.75024e-09
1.24327e-08
-1.76392e-08
4.01518e-08
-3.74791e-08
6.76314e-08
-6.31826e-08
9.29936e-08
-9.37276e-08
1.15186e-07
-1.28147e-07
1.33654e-07
-1.65524e-07
1.48195e-07
-2.04991e-07
1.58826e-07
-2.45723e-07
1.65684e-07
-2.86932e-07
1.68944e-07
-3.27862e-07
1.68776e-07
-3.67778e-07
1.65315e-07
-4.05964e-07
1.58661e-07
-4.41716e-07
1.48885e-07
-4.74343e-07
1.36046e-07
-5.03177e-07
1.20219e-07
-5.27575e-07
1.01517e-07
-5.46939e-07
8.01177e-08
-5.6073e-07
5.62845e-08
-5.6849e-07
3.03847e-08
-5.69863e-07
2.89943e-09
-5.64617e-07
-2.55757e-08
-5.52667e-07
-5.43304e-08
-5.34096e-07
-8.25591e-08
-5.09172e-07
-1.09381e-07
-4.78359e-07
-1.33874e-07
-4.42321e-07
-1.55115e-07
-4.01923e-07
-1.72227e-07
-3.58207e-07
-1.84439e-07
-3.12372e-07
-1.91133e-07
-2.65731e-07
-1.9191e-07
-2.19654e-07
-1.86631e-07
-1.7551e-07
-1.75461e-07
-1.3459e-07
-1.58896e-07
-9.8034e-08
-1.37771e-07
-6.67599e-08
-1.13259e-07
-4.14012e-08
-8.6853e-08
-2.22613e-08
-6.03399e-08
-9.29188e-09
-3.57693e-08
-2.10118e-09
-1.54155e-08
-1.86333e-09
-5.68344e-09
1.81162e-08
-2.09042e-08
5.53725e-08
-4.40753e-08
9.08025e-08
-7.37921e-08
1.2271e-07
-1.08793e-07
1.50186e-07
-1.47936e-07
1.72797e-07
-1.90179e-07
1.90438e-07
-2.34563e-07
2.03211e-07
-2.80198e-07
2.11318e-07
-3.26242e-07
2.14989e-07
-3.71895e-07
2.14428e-07
-4.16381e-07
2.098e-07
-4.58941e-07
2.01221e-07
-4.98833e-07
1.88776e-07
-5.35323e-07
1.72537e-07
-5.67699e-07
1.52595e-07
-5.95273e-07
1.29092e-07
-6.17399e-07
1.02243e-07
-6.33486e-07
7.23719e-08
-6.43023e-07
3.99215e-08
-6.45596e-07
5.47265e-09
-6.40917e-07
-3.02546e-08
-6.28845e-07
-6.64025e-08
-6.09411e-07
-1.01993e-07
-5.82839e-07
-1.35953e-07
-5.49566e-07
-1.67148e-07
-5.10248e-07
-1.94433e-07
-4.65766e-07
-2.16709e-07
-4.17215e-07
-2.32989e-07
-3.65881e-07
-2.42468e-07
-3.13197e-07
-2.44593e-07
-2.60696e-07
-2.39132e-07
-2.09934e-07
-2.26223e-07
-1.62414e-07
-2.06416e-07
-1.195e-07
-1.80685e-07
-8.23343e-08
-1.50425e-07
-5.17661e-08
-1.17421e-07
-2.82982e-08
-8.38079e-08
-1.206e-08
-5.20075e-08
-2.81445e-09
-2.4661e-08
-4.67778e-09
-6.55484e-09
2.4671e-08
-2.39703e-08
7.2788e-08
-5.02941e-08
1.17126e-07
-8.3824e-08
1.5624e-07
-1.23068e-07
1.89431e-07
-1.66714e-07
2.16443e-07
-2.13597e-07
2.37321e-07
-2.62673e-07
2.52287e-07
-3.12989e-07
2.61635e-07
-3.63661e-07
2.65661e-07
-4.13853e-07
2.6462e-07
-4.62761e-07
2.58707e-07
-5.09598e-07
2.48059e-07
-5.53593e-07
2.32771e-07
-5.93983e-07
2.12927e-07
-6.3002e-07
1.88633e-07
-6.60978e-07
1.60049e-07
-6.86163e-07
1.27429e-07
-7.04932e-07
9.11413e-08
-7.16712e-07
5.17013e-08
-7.21021e-07
9.78117e-09
-7.17493e-07
-3.37817e-08
-7.0591e-07
-7.79856e-08
-6.86223e-07
-1.2168e-07
-6.58584e-07
-1.63592e-07
-6.23367e-07
-2.02364e-07
-5.81192e-07
-2.36608e-07
-5.32932e-07
-2.64969e-07
-4.79712e-07
-2.8621e-07
-4.22891e-07
-2.99289e-07
-3.64028e-07
-3.03456e-07
-3.04824e-07
-2.98336e-07
-2.47049e-07
-2.83997e-07
-1.92453e-07
-2.61012e-07
-1.42666e-07
-2.30472e-07
-9.91027e-08
-1.93989e-07
-6.28731e-08
-1.53651e-07
-3.47174e-08
-1.11964e-07
-1.49677e-08
-7.17572e-08
-3.54743e-09
-3.60813e-08
-8.22521e-09
-7.36187e-09
3.20329e-08
-2.68183e-08
9.22445e-08
-5.60853e-08
1.46393e-07
-9.31872e-08
1.93342e-07
-1.36418e-07
2.32662e-07
-1.84305e-07
2.6433e-07
-2.35569e-07
2.88585e-07
-2.89086e-07
3.05803e-07
-3.43848e-07
3.16397e-07
-3.98937e-07
3.20749e-07
-4.53491e-07
3.19175e-07
-5.06689e-07
3.11905e-07
-5.57728e-07
2.99098e-07
-6.05821e-07
2.80863e-07
-6.50184e-07
2.5729e-07
-6.90043e-07
2.28492e-07
-7.24638e-07
1.94644e-07
-7.53231e-07
1.56022e-07
-7.75123e-07
1.13034e-07
-7.89673e-07
6.62506e-08
-7.96315e-07
1.64236e-08
-7.94593e-07
-3.55043e-08
-7.84181e-07
-8.83968e-08
-7.64926e-07
-1.40936e-07
-7.36872e-07
-1.91646e-07
-7.00301e-07
-2.38935e-07
-6.5576e-07
-2.81149e-07
-6.04081e-07
-3.16648e-07
-5.46395e-07
-3.43896e-07
-4.8412e-07
-3.61564e-07
-4.18933e-07
-3.68643e-07
-3.52717e-07
-3.64552e-07
-2.8748e-07
-3.49234e-07
-2.25256e-07
-3.23235e-07
-1.67991e-07
-2.87737e-07
-1.17426e-07
-2.44555e-07
-7.4983e-08
-1.96093e-07
-4.16865e-08
-1.4526e-07
-1.81029e-08
-9.53408e-08
-4.32807e-09
-4.98561e-08
-1.25533e-08
-8.10013e-09
4.0133e-08
-2.94273e-08
1.13572e-07
-6.13996e-08
1.78366e-07
-1.01796e-07
2.33738e-07
-1.48716e-07
2.79581e-07
-2.0054e-07
3.16154e-07
-2.55886e-07
3.43931e-07
-3.13556e-07
3.63474e-07
-3.72501e-07
3.75341e-07
-4.31773e-07
3.80021e-07
-4.90496e-07
3.77898e-07
-5.47842e-07
3.6925e-07
-6.03003e-07
3.5426e-07
-6.55186e-07
3.33045e-07
-7.03597e-07
3.05701e-07
-7.47445e-07
2.7234e-07
-7.85941e-07
2.3314e-07
-8.18308e-07
1.88388e-07
-8.43788e-07
1.38514e-07
-8.61665e-07
8.41276e-08
-8.71282e-07
2.60408e-08
-8.7207e-07
-3.4716e-08
-8.6358e-07
-9.68867e-08
-8.45521e-07
-1.58996e-07
-8.17798e-07
-2.19369e-07
-7.80563e-07
-2.7617e-07
-7.3425e-07
-3.27462e-07
-6.79616e-07
-3.71282e-07
-6.17762e-07
-4.0575e-07
-5.50142e-07
-4.29185e-07
-4.78539e-07
-4.40245e-07
-4.05023e-07
-4.38068e-07
-3.3186e-07
-4.22397e-07
-2.6141e-07
-3.93686e-07
-1.95987e-07
-3.5316e-07
-1.37717e-07
-3.02825e-07
-8.84021e-08
-2.45408e-07
-4.94047e-08
-1.84257e-07
-2.15687e-08
-1.23177e-07
-5.18805e-09
-6.62367e-08
-1.77413e-08
-8.76332e-09
4.88963e-08
-3.1773e-08
1.36581e-07
-6.61849e-08
2.12777e-07
-1.09561e-07
2.77115e-07
-1.5983e-07
3.29851e-07
-2.15245e-07
3.71568e-07
-2.74328e-07
4.03014e-07
-3.35824e-07
4.2497e-07
-3.98644e-07
4.38162e-07
-4.61825e-07
4.43202e-07
-5.24487e-07
4.4056e-07
-5.85801e-07
4.30564e-07
-6.44968e-07
4.13427e-07
-7.01198e-07
3.89275e-07
-7.53699e-07
3.58202e-07
-8.01672e-07
3.20313e-07
-8.44307e-07
2.75776e-07
-8.8079e-07
2.24871e-07
-9.10309e-07
1.68033e-07
-9.32071e-07
1.05889e-07
-9.45317e-07
3.92871e-08
-9.49355e-07
-3.0678e-08
-9.4359e-07
-1.02652e-07
-9.27568e-07
-1.75018e-07
-9.01023e-07
-2.45913e-07
-8.63936e-07
-3.13257e-07
-8.16587e-07
-3.74811e-07
-7.5961e-07
-4.28259e-07
-6.94035e-07
-4.71325e-07
-6.21314e-07
-5.01906e-07
-5.43316e-07
-5.18244e-07
-4.62287e-07
-5.19097e-07
-3.80771e-07
-5.03913e-07
-3.01486e-07
-4.7297e-07
-2.27172e-07
-4.27475e-07
-1.60411e-07
-3.69585e-07
-1.03459e-07
-3.0236e-07
-5.80872e-08
-2.29629e-07
-2.54766e-08
-1.55787e-07
-6.16084e-09
-8.55524e-08
-2.39022e-08
-9.34367e-09
5.824e-08
-3.38284e-08
1.61066e-07
-7.03854e-08
2.49334e-07
-1.16392e-07
3.23121e-07
-1.69629e-07
3.83088e-07
-2.28239e-07
4.30178e-07
-2.90667e-07
4.65442e-07
-3.55607e-07
4.8991e-07
-4.21944e-07
5.04499e-07
-4.88705e-07
5.09963e-07
-5.55014e-07
5.06869e-07
-6.20056e-07
4.95606e-07
-6.83048e-07
4.76419e-07
-7.43217e-07
4.49444e-07
-7.99782e-07
4.14767e-07
-8.51945e-07
3.72476e-07
-8.98888e-07
3.22719e-07
-9.39768e-07
2.65751e-07
-9.73723e-07
2.01988e-07
-9.99884e-07
1.3205e-07
-1.01739e-06
5.67943e-08
-1.02542e-06
-2.26497e-08
-1.02321e-06
-1.04858e-07
-1.01014e-06
-1.88097e-07
-9.85715e-07
-2.70333e-07
-9.49724e-07
-3.49248e-07
-9.02239e-07
-4.22296e-07
-8.43719e-07
-4.86779e-07
-7.75069e-07
-5.39974e-07
-6.97689e-07
-5.79285e-07
-6.13493e-07
-6.0244e-07
-5.24882e-07
-6.07707e-07
-4.34679e-07
-5.94117e-07
-3.45991e-07
-5.61658e-07
-2.62038e-07
-5.11428e-07
-1.85938e-07
-4.45685e-07
-1.20486e-07
-3.67812e-07
-6.79553e-08
-2.8216e-07
-2.99415e-08
-1.93801e-07
-7.28073e-09
-1.08213e-07
-3.11829e-08
-9.83267e-09
6.80727e-08
-3.55649e-08
1.86798e-07
-7.39439e-08
2.87713e-07
-1.22195e-07
3.71372e-07
-1.77978e-07
4.38871e-07
-2.39342e-07
4.91542e-07
-3.0467e-07
5.30769e-07
-3.72614e-07
5.57854e-07
-4.42044e-07
5.73929e-07
-5.11985e-07
5.79904e-07
-5.81575e-07
5.76458e-07
-6.5002e-07
5.64052e-07
-7.16566e-07
5.42964e-07
-7.80465e-07
5.13344e-07
-8.40963e-07
4.75264e-07
-8.97275e-07
4.28789e-07
-9.48586e-07
3.74029e-07
-9.94036e-07
3.112e-07
-1.03272e-06
2.40676e-07
-1.06371e-06
1.6304e-07
-1.08605e-06
7.91279e-08
-1.09877e-06
-9.9296e-09
-1.10095e-06
-1.02673e-07
-1.09176e-06
-1.97289e-07
-1.07049e-06
-2.91598e-07
-1.03668e-06
-3.83064e-07
-9.90138e-07
-4.68837e-07
-9.31096e-07
-5.45822e-07
-8.60264e-07
-6.10805e-07
-7.78925e-07
-6.60625e-07
-6.88974e-07
-6.92392e-07
-5.92928e-07
-7.03753e-07
-4.93869e-07
-6.93175e-07
-3.95312e-07
-6.60215e-07
-3.01008e-07
-6.05732e-07
-2.14692e-07
-5.32001e-07
-1.39805e-07
-4.42699e-07
-7.92283e-08
-3.42737e-07
-3.50794e-08
-2.3795e-07
-8.58244e-09
-1.3471e-07
-3.97654e-08
-1.02219e-08
7.82946e-08
-3.69548e-08
2.13531e-07
-7.68059e-08
3.27565e-07
-1.26882e-07
4.21449e-07
-1.84747e-07
4.96737e-07
-2.48378e-07
5.55173e-07
-3.16103e-07
5.98495e-07
-3.8655e-07
6.28301e-07
-4.58576e-07
6.45955e-07
-5.31215e-07
6.52543e-07
-6.03625e-07
6.48868e-07
-6.75045e-07
6.35472e-07
-7.44757e-07
6.12677e-07
-8.12055e-07
5.80641e-07
-8.76217e-07
5.39427e-07
-9.36493e-07
4.89065e-07
-9.92081e-07
4.29617e-07
-1.04212e-06
3.61241e-07
-1.08569e-06
2.84247e-07
-1.1218e-06
1.99152e-07
-1.14941e-06
1.06737e-07
-1.16744e-06
8.09605e-09
-1.17479e-06
-9.53182e-08
-1.17043e-06
-2.01651e-07
-1.15341e-06
-3.08621e-07
-1.12296e-06
-4.13508e-07
-1.07862e-06
-5.13176e-07
-1.02032e-06
-6.04131e-07
-9.48479e-07
-6.82642e-07
-8.6419e-07
-7.44913e-07
-7.69247e-07
-7.87335e-07
-6.6621e-07
-8.06789e-07
-5.58377e-07
-8.01008e-07
-4.49665e-07
-7.68928e-07
-3.44398e-07
-7.10999e-07
-2.47011e-07
-6.29388e-07
-1.61709e-07
-5.28002e-07
-9.21171e-08
-4.12328e-07
-4.10043e-08
-2.89063e-07
-1.01009e-08
-1.65614e-07
-4.98662e-08
-1.05039e-08
8.87984e-08
-3.79745e-08
2.41002e-07
-7.89242e-08
3.68514e-07
-1.30376e-07
4.72901e-07
-1.89824e-07
5.56184e-07
-2.55185e-07
6.20534e-07
-3.24754e-07
6.68064e-07
-3.97134e-07
7.00681e-07
-4.71181e-07
7.20002e-07
-5.45944e-07
7.27306e-07
-6.20609e-07
7.23534e-07
-6.94456e-07
7.09319e-07
-7.66812e-07
6.85032e-07
-8.37022e-07
6.50851e-07
-9.04417e-07
6.06822e-07
-9.68291e-07
5.52939e-07
-1.02788e-06
4.89204e-07
-1.08234e-06
4.15702e-07
-1.13075e-06
3.32655e-07
-1.17209e-06
2.40491e-07
-1.20525e-06
1.399e-07
-1.22905e-06
3.18974e-08
-1.24225e-06
-8.21158e-08
-1.24361e-06
-2.00297e-07
-1.23192e-06
-3.20312e-07
-1.20612e-06
-4.39306e-07
-1.1654e-06
-5.53897e-07
-1.10931e-06
-6.60216e-07
-1.03795e-06
-7.54003e-07
-9.52083e-07
-8.30781e-07
-8.53296e-07
-8.86122e-07
-7.44093e-07
-9.15993e-07
-6.2791e-07
-9.17191e-07
-5.0903e-07
-8.87807e-07
-3.9237e-07
-8.27659e-07
-2.83146e-07
-7.38612e-07
-1.86451e-07
-6.24697e-07
-1.06816e-07
-4.91963e-07
-4.78271e-08
-3.48052e-07
-1.18711e-08
-2.0157e-07
-6.17373e-08
-1.06734e-08
9.94718e-08
-3.8607e-08
2.68935e-07
-8.02656e-08
4.10173e-07
-1.32622e-07
5.25257e-07
-1.9312e-07
6.16682e-07
-2.59639e-07
6.87053e-07
-3.30441e-07
7.38866e-07
-4.0412e-07
7.7436e-07
-4.79533e-07
7.95415e-07
-5.55749e-07
8.03522e-07
-6.3199e-07
7.99775e-07
-7.07582e-07
7.8491e-07
-7.81908e-07
7.59359e-07
-8.54378e-07
7.23321e-07
-9.24387e-07
6.76831e-07
-9.91291e-07
6.19842e-07
-1.05438e-06
5.52293e-07
-1.11286e-06
4.7418e-07
-1.16583e-06
3.85623e-07
-1.21226e-06
2.8693e-07
-1.25104e-06
1.78671e-07
-1.28088e-06
6.17413e-08
-1.30044e-06
-6.25595e-08
-1.30827e-06
-1.92458e-07
-1.30295e-06
-3.25633e-07
-1.2831e-06
-4.5916e-07
-1.24752e-06
-5.89475e-07
-1.19536e-06
-7.12379e-07
-1.12626e-06
-8.23106e-07
-1.04056e-06
-9.16478e-07
-9.39516e-07
-9.87165e-07
-8.25432e-07
-1.03008e-06
-7.01764e-07
-1.04086e-06
-5.73083e-07
-1.01649e-06
-4.44885e-07
-9.55858e-07
-3.23225e-07
-8.60272e-07
-2.14223e-07
-7.33699e-07
-1.23497e-07
-5.82689e-07
-5.56526e-08
-4.15896e-07
-1.3928e-08
-2.43294e-07
-7.56653e-08
-1.07282e-08
1.102e-07
-3.88465e-08
2.97054e-07
-8.08171e-08
4.52143e-07
-1.33593e-07
5.78033e-07
-1.9459e-07
6.77679e-07
-2.61657e-07
7.5412e-07
-3.33039e-07
8.10248e-07
-4.07319e-07
8.4864e-07
-4.83364e-07
8.7146e-07
-5.60266e-07
8.80424e-07
-6.37286e-07
8.76795e-07
-7.13804e-07
8.61428e-07
-7.8927e-07
8.34826e-07
-8.63167e-07
7.97217e-07
-9.3497e-07
7.48633e-07
-1.00411e-06
6.88987e-07
-1.06997e-06
6.18148e-07
-1.13181e-06
5.36019e-07
-1.18879e-06
4.42601e-07
-1.23992e-06
3.38066e-07
-1.28408e-06
2.2283e-07
-1.31997e-06
9.7634e-08
-1.34616e-06
-3.63777e-08
-1.36105e-06
-1.7756e-07
-1.363e-06
-3.23681e-07
-1.35034e-06
-4.71829e-07
-1.32147e-06
-6.18342e-07
-1.27508e-06
-7.5877e-07
-1.21028e-06
-8.87901e-07
-1.12689e-06
-9.9987e-07
-1.02565e-06
-1.0884e-06
-9.08503e-07
-1.14723e-06
-7.78751e-07
-1.17061e-06
-6.41126e-07
-1.15411e-06
-5.01638e-07
-1.09535e-06
-3.67217e-07
-9.94694e-07
-2.45132e-07
-8.55783e-07
-1.42295e-07
-6.85526e-07
-6.45767e-08
-4.93615e-07
-1.63062e-08
-2.91565e-07
-9.19714e-08
-1.06709e-08
1.20871e-07
-3.87016e-08
3.25084e-07
-8.05938e-08
4.94035e-07
-1.33306e-07
6.30746e-07
-1.94241e-07
7.38614e-07
-2.6123e-07
8.21109e-07
-3.32499e-07
8.81518e-07
-4.06629e-07
9.22769e-07
-4.82496e-07
9.47327e-07
-5.59221e-07
9.57148e-07
-6.36109e-07
9.53683e-07
-7.12599e-07
9.37918e-07
-7.88217e-07
9.10443e-07
-8.62528e-07
8.71529e-07
-9.35101e-07
8.21207e-07
-1.00547e-06
7.59357e-07
-1.07311e-06
6.85784e-07
-1.13738e-06
6.00292e-07
-1.19753e-06
5.02755e-07
-1.25266e-06
3.93193e-07
-1.30168e-06
2.7185e-07
-1.34332e-06
1.39271e-07
-1.3761e-06
-3.59656e-09
-1.39836e-06
-1.55301e-07
-1.40826e-06
-3.13777e-07
-1.40387e-06
-4.76221e-07
-1.38323e-06
-6.38984e-07
-1.34452e-06
-7.97477e-07
-1.28629e-06
-9.46138e-07
-1.20767e-06
-1.07849e-06
-1.10876e-06
-1.18731e-06
-9.90935e-07
-1.26505e-06
-8.57122e-07
-1.30442e-06
-7.12013e-07
-1.29922e-06
-5.62007e-07
-1.24535e-06
-4.14886e-07
-1.14182e-06
-2.79176e-07
-9.91492e-07
-1.63301e-07
-8.01401e-07
-7.46819e-08
-5.82234e-07
-1.90393e-08
-3.47207e-07
-1.11011e-07
-1.05093e-08
1.3138e-07
-3.81999e-08
3.52775e-07
-7.96466e-08
5.35482e-07
-1.31832e-07
6.82931e-07
-1.92155e-07
7.98936e-07
-2.58429e-07
8.87384e-07
-3.2887e-07
9.51959e-07
-4.02054e-07
9.95953e-07
-4.76871e-07
1.02214e-06
-5.5247e-07
1.03275e-06
-6.28208e-07
1.02942e-06
-7.03589e-07
1.0133e-06
-7.7822e-07
9.85074e-07
-8.51762e-07
9.45071e-07
-9.2389e-07
8.93335e-07
-9.94256e-07
8.29723e-07
-1.06245e-06
7.53977e-07
-1.12796e-06
6.65806e-07
-1.19017e-06
5.64959e-07
-1.24827e-06
4.51296e-07
-1.30129e-06
3.24868e-07
-1.34802e-06
1.86005e-07
-1.38703e-06
3.54116e-08
-1.41662e-06
-1.25712e-07
-1.43485e-06
-2.95545e-07
-1.43957e-06
-4.71498e-07
-1.4285e-06
-6.50058e-07
-1.39933e-06
-8.26641e-07
-1.34999e-06
-9.95481e-07
-1.27887e-06
-1.1496e-06
-1.18525e-06
-1.28093e-06
-1.06969e-06
-1.38061e-06
-9.34513e-07
-1.43961e-06
-7.84084e-07
-1.44965e-06
-6.24982e-07
-1.40445e-06
-4.65742e-07
-1.30106e-06
-3.16212e-07
-1.14102e-06
-1.86542e-07
-9.31071e-07
-8.60323e-08
-6.82744e-07
-2.21591e-08
-4.11081e-07
-1.3317e-07
-1.02586e-08
1.41639e-07
-3.73923e-08
3.79909e-07
-7.8071e-08
5.76161e-07
-1.29308e-07
7.34168e-07
-1.88497e-07
8.58125e-07
-2.53436e-07
9.52323e-07
-3.22325e-07
1.02085e-06
-3.93736e-07
1.06736e-06
-4.66577e-07
1.09498e-06
-5.40031e-07
1.1062e-06
-6.13506e-07
1.1029e-06
-6.86583e-07
1.08638e-06
-7.58956e-07
1.05745e-06
-8.30394e-07
1.01651e-06
-9.00689e-07
9.6363e-07
-9.69623e-07
8.98658e-07
-1.03693e-06
8.21283e-07
-1.10225e-06
7.31128e-07
-1.16511e-06
6.27819e-07
-1.22487e-06
5.11056e-07
-1.2807e-06
3.80695e-07
-1.33152e-06
2.36829e-07
-1.376e-06
7.98922e-08
-1.4125e-06
-8.92185e-08
-1.43904e-06
-2.69e-07
-1.45336e-06
-4.57181e-07
-1.4529e-06
-6.5052e-07
-1.43493e-06
-8.44604e-07
-1.39676e-06
-1.03365e-06
-1.33598e-06
-1.21038e-06
-1.25092e-06
-1.366e-06
-1.14111e-06
-1.49042e-06
-1.00793e-06
-1.57278e-06
-8.55118e-07
-1.60246e-06
-6.89109e-07
-1.57046e-06
-5.18993e-07
-1.47117e-06
-3.5592e-07
-1.3041e-06
-2.11964e-07
-1.07503e-06
-9.86665e-08
-7.96042e-07
-2.56947e-08
-4.84052e-07
-1.58865e-07
-9.94254e-09
1.51581e-07
-3.63581e-08
4.06324e-07
-7.60162e-08
6.15819e-07
-1.25951e-07
7.84103e-07
-1.83541e-07
9.15714e-07
-2.46556e-07
1.01534e-06
-3.13179e-07
1.08747e-06
-3.81978e-07
1.13616e-06
-4.51879e-07
1.16489e-06
-5.22107e-07
1.17643e-06
-5.92133e-07
1.17292e-06
-6.61616e-07
1.15586e-06
-7.30353e-07
1.12618e-06
-7.98224e-07
1.08438e-06
-8.65157e-07
1.03056e-06
-9.31076e-07
9.64577e-07
-9.95873e-07
8.86079e-07
-1.05936e-06
7.94618e-07
-1.12125e-06
6.89705e-07
-1.18108e-06
5.70892e-07
-1.23823e-06
4.37837e-07
-1.29179e-06
2.90395e-07
-1.34061e-06
1.2871e-07
-1.38316e-06
-4.66681e-08
-1.41756e-06
-2.34596e-07
-1.44151e-06
-4.33236e-07
-1.45228e-06
-6.39746e-07
-1.44683e-06
-8.50061e-07
-1.42187e-06
-1.05861e-06
-1.37421e-06
-1.25804e-06
-1.30112e-06
-1.43909e-06
-1.20093e-06
-1.59061e-06
-1.07377e-06
-1.69995e-06
-9.2231e-07
-1.75392e-06
-7.52447e-07
-1.74033e-06
-5.73491e-07
-1.65013e-06
-3.97769e-07
-1.47982e-06
-2.39415e-07
-1.23338e-06
-1.12591e-07
-9.22866e-07
-2.96706e-08
-5.66973e-07
-1.88535e-07
-9.59496e-09
1.61176e-07
-3.52111e-08
4.3194e-07
-7.36962e-08
6.54304e-07
-1.22074e-07
8.32481e-07
-1.77681e-07
9.71321e-07
-2.38242e-07
1.0759e-06
-3.01912e-07
1.15114e-06
-3.67261e-07
1.20151e-06
-4.33236e-07
1.23086e-06
-4.99116e-07
1.24231e-06
-5.64444e-07
1.23825e-06
-6.28973e-07
1.22039e-06
-6.9261e-07
1.18982e-06
-7.55364e-07
1.14713e-06
-8.17302e-07
1.0925e-06
-8.78507e-07
1.02578e-06
-9.39042e-07
9.46614e-07
-9.9891e-07
8.54485e-07
-1.05802e-06
7.48813e-07
-1.11613e-06
6.29008e-07
-1.17284e-06
4.94547e-07
-1.2275e-06
3.45051e-07
-1.27916e-06
1.80375e-07
-1.3265e-06
6.69356e-10
-1.36784e-06
-1.93256e-07
-1.40094e-06
-4.00142e-07
-1.42304e-06
-6.17637e-07
-1.4309e-06
-8.42207e-07
-1.42078e-06
-1.06872e-06
-1.38875e-06
-1.29007e-06
-1.33101e-06
-1.49684e-06
-1.24453e-06
-1.67709e-06
-1.12789e-06
-1.81659e-06
-9.82289e-07
-1.89952e-06
-8.12539e-07
-1.91008e-06
-6.27699e-07
-1.83497e-06
-4.40984e-07
-1.66653e-06
-2.68623e-07
-1.40574e-06
-1.27773e-07
-1.06372e-06
-3.41062e-08
-6.6064e-07
-2.22641e-07
-9.2626e-09
1.70439e-07
-3.41072e-08
4.56785e-07
-7.14032e-08
6.916e-07
-1.18104e-07
8.79182e-07
-1.71454e-07
1.02467e-06
-2.29111e-07
1.13356e-06
-2.89189e-07
1.21122e-06
-3.5026e-07
1.26258e-06
-4.11313e-07
1.29191e-06
-4.71691e-07
1.30269e-06
-5.31031e-07
1.29759e-06
-5.89195e-07
1.27855e-06
-6.46216e-07
1.24684e-06
-7.02242e-07
1.20316e-06
-7.57493e-07
1.14775e-06
-8.12221e-07
1.08051e-06
-8.66668e-07
1.00106e-06
-9.21036e-07
9.08854e-07
-9.75448e-07
8.03225e-07
-1.02991e-06
6.83468e-07
-1.08425e-06
5.48894e-07
-1.13811e-06
3.98905e-07
-1.1908e-06
2.33067e-07
-1.24134e-06
5.12132e-08
-1.28821e-06
-1.46386e-07
-1.32944e-06
-3.58916e-07
-1.36238e-06
-5.84693e-07
-1.38373e-06
-8.20861e-07
-1.38948e-06
-1.06297e-06
-1.37509e-06
-1.30446e-06
-1.33577e-06
-1.53616e-06
-1.26706e-06
-1.7458e-06
-1.16577e-06
-1.91788e-06
-1.03118e-06
-2.03411e-06
-8.66423e-07
-2.07483e-06
-6.79662e-07
-2.02173e-06
-4.84514e-07
-1.86168e-06
-2.9918e-07
-1.59108e-06
-1.44135e-07
-1.21876e-06
-3.90144e-08
-7.6576e-07
-2.61656e-07
-9.00833e-09
1.79447e-07
-3.32547e-08
4.81031e-07
-6.95247e-08
7.2787e-07
-1.146e-07
9.24257e-07
-1.65564e-07
1.07563e-06
-2.19962e-07
1.18795e-06
-2.75864e-07
1.26712e-06
-3.31855e-07
1.31858e-06
-3.86982e-07
1.34704e-06
-4.40682e-07
1.35639e-06
-4.92711e-07
1.34962e-06
-5.43065e-07
1.32891e-06
-5.91921e-07
1.2957e-06
-6.39585e-07
1.25082e-06
-6.86438e-07
1.19461e-06
-7.32908e-07
1.12698e-06
-7.79425e-07
1.04758e-06
-8.26393e-07
9.55822e-07
-8.74157e-07
8.50989e-07
-9.22962e-07
7.32273e-07
-9.72915e-07
5.98846e-07
-1.02393e-06
4.49915e-07
-1.07565e-06
2.84788e-07
-1.1274e-06
1.02962e-07
-1.17803e-06
-9.57535e-08
-1.22586e-06
-3.11081e-07
-1.26853e-06
-5.42026e-07
-1.30285e-06
-7.8654e-07
-1.32476e-06
-1.04106e-06
-1.32932e-06
-1.2999e-06
-1.31091e-06
-1.55457e-06
-1.26373e-06
-1.79298e-06
-1.18267e-06
-1.99894e-06
-1.06471e-06
-2.15207e-06
-9.10663e-07
-2.22888e-06
-7.26998e-07
-2.20539e-06
-5.27013e-07
-2.06167e-06
-3.30527e-07
-1.78756e-06
-1.61549e-07
-1.38774e-06
-4.44031e-08
-8.82906e-07
-3.06059e-07
-8.91652e-09
1.88364e-07
-3.293e-08
5.05045e-07
-6.85673e-08
7.63507e-07
-1.12283e-07
9.67973e-07
-1.60898e-07
1.12425e-06
-2.11797e-07
1.23885e-06
-2.62999e-07
1.31832e-06
-3.13121e-07
1.3687e-06
-3.61306e-07
1.39523e-06
-4.07126e-07
1.40221e-06
-4.50491e-07
1.39298e-06
-4.91564e-07
1.36998e-06
-5.30694e-07
1.33483e-06
-5.68359e-07
1.28849e-06
-6.05116e-07
1.23136e-06
-6.41573e-07
1.16344e-06
-6.7835e-07
1.08435e-06
-7.16053e-07
9.93525e-07
-7.55243e-07
8.90179e-07
-7.96407e-07
7.73437e-07
-8.39915e-07
6.42354e-07
-8.85975e-07
4.95976e-07
-9.3457e-07
3.33383e-07
-9.85375e-07
1.53767e-07
-1.03765e-06
-4.34767e-08
-1.09013e-06
-2.58607e-07
-1.14082e-06
-4.91332e-07
-1.18688e-06
-7.40476e-07
-1.22442e-06
-1.00352e-06
-1.24839e-06
-1.27594e-06
-1.25261e-06
-1.55035e-06
-1.2301e-06
-1.81549e-06
-1.17389e-06
-2.05515e-06
-1.07837e-06
-2.24759e-06
-9.41424e-07
-2.36582e-06
-7.66914e-07
-2.3799e-06
-5.66829e-07
-2.26175e-06
-3.6195e-07
-1.99244e-06
-1.79846e-07
-1.56984e-06
-5.02769e-08
-1.01247e-06
-3.56336e-07
-9.10154e-09
1.97465e-07
-3.35006e-08
5.29444e-07
-6.91901e-08
7.99197e-07
-1.12071e-07
1.01085e-06
-1.58561e-07
1.17074e-06
-2.05831e-07
1.28612e-06
-2.51849e-07
1.36434e-06
-2.95308e-07
1.41216e-06
-3.355e-07
1.43542e-06
-3.7219e-07
1.4389e-06
-4.05496e-07
1.42629e-06
-4.35789e-07
1.40027e-06
-4.6362e-07
1.36266e-06
-4.8966e-07
1.31453e-06
-5.14657e-07
1.25636e-06
-5.39401e-07
1.18818e-06
-5.64699e-07
1.10965e-06
-5.9135e-07
1.02018e-06
-6.20125e-07
9.18953e-07
-6.51734e-07
8.05046e-07
-6.86802e-07
6.77423e-07
-7.25823e-07
5.34997e-07
-7.69107e-07
3.76666e-07
-8.16704e-07
2.01364e-07
-8.68302e-07
8.12147e-09
-9.23103e-07
-2.03806e-07
-9.79638e-07
-4.34798e-07
-1.03555e-06
-6.84559e-07
-1.08738e-06
-9.51697e-07
-1.13025e-06
-1.23306e-06
-1.15782e-06
-1.52279e-06
-1.16226e-06
-1.81104e-06
-1.13492e-06
-2.0825e-06
-1.06754e-06
-2.31497e-06
-9.54555e-07
-2.47881e-06
-7.96226e-07
-2.53823e-06
-6.02001e-07
-2.45598e-06
-3.92578e-07
-2.20186e-06
-1.98817e-07
-1.7636e-06
-5.66452e-08
-1.15465e-06
-4.12981e-07
-9.72169e-09
2.07187e-07
-3.54597e-08
5.55182e-07
-7.22514e-08
8.35989e-07
-1.15119e-07
1.05372e-06
-1.59897e-07
1.21552e-06
-2.03489e-07
1.32972e-06
-2.4384e-07
1.40469e-06
-2.79784e-07
1.4481e-06
-3.10849e-07
1.46648e-06
-3.37073e-07
1.46512e-06
-3.58848e-07
1.44806e-06
-3.76809e-07
1.41823e-06
-3.91745e-07
1.3776e-06
-4.04545e-07
1.32733e-06
-4.16153e-07
1.26797e-06
-4.27547e-07
1.19957e-06
-4.39714e-07
1.12182e-06
-4.53634e-07
1.0341e-06
-4.70265e-07
9.35585e-07
-4.90525e-07
8.25306e-07
-5.15268e-07
7.02165e-07
-5.45251e-07
5.6498e-07
-5.81093e-07
4.12507e-07
-6.23206e-07
2.43478e-07
-6.71718e-07
5.66333e-08
-7.2633e-07
-1.49194e-07
-7.8616e-07
-3.74968e-07
-8.49497e-07
-6.21221e-07
-9.13504e-07
-8.87691e-07
-9.73858e-07
-1.17271e-06
-1.02442e-06
-1.47223e-06
-1.05702e-06
-1.77844e-06
-1.06169e-06
-2.07782e-06
-1.02769e-06
-2.34897e-06
-9.45673e-07
-2.56082e-06
-8.1138e-07
-2.67252e-06
-6.30243e-07
-2.63711e-06
-4.21385e-07
-2.41072e-06
-2.18241e-07
-1.96675e-06
-6.35362e-08
-1.30935e-06
-4.76517e-07
-1.1002e-08
2.18189e-07
-3.94798e-08
5.8366e-07
-7.8872e-08
8.75381e-07
-1.22868e-07
1.09772e-06
-1.66507e-07
1.25916e-06
-2.06385e-07
1.36959e-06
-2.40492e-07
1.4388e-06
-2.67922e-07
1.47553e-06
-2.88557e-07
1.48712e-06
-3.02818e-07
1.47938e-06
-3.11459e-07
1.4567e-06
-3.15438e-07
1.42221e-06
-3.15826e-07
1.37798e-06
-3.1375e-07
1.32525e-06
-3.10365e-07
1.26458e-06
-3.06829e-07
1.19604e-06
-3.04297e-07
1.11929e-06
-3.03914e-07
1.03371e-06
-3.06803e-07
9.38474e-07
-3.14059e-07
8.32562e-07
-3.26735e-07
7.14841e-07
-3.45821e-07
5.84065e-07
-3.72209e-07
4.38896e-07
-4.06653e-07
2.77922e-07
-4.49691e-07
9.96708e-08
-5.01537e-07
-9.73484e-08
-5.61927e-07
-3.14577e-07
-6.29885e-07
-5.53263e-07
-7.03394e-07
-8.14182e-07
-7.78961e-07
-1.09714e-06
-8.51103e-07
-1.40009e-06
-9.11857e-07
-1.71769e-06
-9.50564e-07
-2.03911e-06
-9.54389e-07
-2.34515e-06
-9.10205e-07
-2.60501e-06
-8.08443e-07
-2.77429e-06
-6.48917e-07
-2.79664e-06
-4.47182e-07
-2.61246e-06
-2.37914e-07
-2.17601e-06
-7.10234e-08
-1.47624e-06
-5.4754e-07
-1.32725e-08
2.31462e-07
-4.64908e-08
6.16878e-07
-9.05174e-08
9.19407e-07
-1.37093e-07
1.14429e-06
-1.80224e-07
1.30229e-06
-2.16217e-07
1.40559e-06
-2.43254e-07
1.46584e-06
-2.60865e-07
1.49314e-06
-2.69465e-07
1.49572e-06
-2.69992e-07
1.47991e-06
-2.6367e-07
1.45038e-06
-2.51849e-07
1.41039e-06
-2.35922e-07
1.36206e-06
-2.17278e-07
1.30661e-06
-1.9728e-07
1.24459e-06
-1.77263e-07
1.17602e-06
-1.58531e-07
1.10056e-06
-1.42372e-07
1.01755e-06
-1.30041e-07
9.26143e-07
-1.22782e-07
8.25303e-07
-1.2181e-07
7.13869e-07
-1.28308e-07
5.90564e-07
-1.43409e-07
4.53997e-07
-1.68161e-07
3.02674e-07
-2.0348e-07
1.3499e-07
-2.50066e-07
-5.07626e-08
-3.08272e-07
-2.56372e-07
-3.77894e-07
-4.8364e-07
-4.57856e-07
-7.34221e-07
-5.45733e-07
-1.00926e-06
-6.37116e-07
-1.30871e-06
-7.24843e-07
-1.62996e-06
-7.98311e-07
-1.96564e-06
-8.43334e-07
-2.30013e-06
-8.43349e-07
-2.60499e-06
-7.8302e-07
-2.83461e-06
-6.54937e-07
-2.92472e-06
-4.68579e-07
-2.79882e-06
-2.57689e-07
-2.3869e-06
-7.92733e-08
-1.65466e-06
-6.26814e-07
-1.7032e-08
2.48494e-07
-5.77961e-08
6.57642e-07
-1.0909e-07
9.70701e-07
-1.599e-07
1.1951e-06
-2.02998e-07
1.34538e-06
-2.34537e-07
1.43713e-06
-2.53153e-07
1.48445e-06
-2.59096e-07
1.49908e-06
-2.53542e-07
1.49016e-06
-2.38127e-07
1.46449e-06
-2.14656e-07
1.42691e-06
-1.84945e-07
1.38068e-06
-1.50746e-07
1.32786e-06
-1.13718e-07
1.26958e-06
-7.54329e-08
1.2063e-06
-3.73809e-08
1.13797e-06
-9.98403e-10
1.06417e-06
3.23383e-08
9.84218e-07
6.12489e-08
8.97233e-07
8.43859e-08
8.02166e-07
1.00408e-07
6.97847e-07
1.07979e-07
5.82992e-07
1.05774e-07
4.56202e-07
9.2492e-08
3.15956e-07
6.68869e-08
1.60595e-07
2.78216e-08
-1.16973e-08
-2.56346e-08
-2.02916e-07
-9.40414e-08
-4.15233e-07
-1.77307e-07
-6.50955e-07
-2.74231e-07
-9.12339e-07
-3.81807e-07
-1.20113e-06
-4.94258e-07
-1.51751e-06
-6.0189e-07
-1.85801e-06
-6.9017e-07
-2.21185e-06
-7.39916e-07
-2.55525e-06
-7.30056e-07
-2.84447e-06
-6.44553e-07
-3.01022e-06
-4.83864e-07
-2.9595e-06
-2.77514e-07
-2.59325e-06
-8.86274e-08
-1.84354e-06
-7.15441e-07
-2.30574e-08
2.71551e-07
-7.52329e-08
7.09818e-07
-1.37001e-07
1.03247e-06
-1.9362e-07
1.25172e-06
-2.36568e-07
1.38833e-06
-2.62208e-07
1.46277e-06
-2.70093e-07
1.49234e-06
-2.61597e-07
1.49059e-06
-2.38963e-07
1.46753e-06
-2.04726e-07
1.43026e-06
-1.61395e-07
1.38358e-06
-1.11312e-07
1.3306e-06
-5.66093e-08
1.27316e-06
7.85643e-10
1.21218e-06
5.91299e-08
1.14796e-06
1.16794e-07
1.0803e-06
1.72256e-07
1.00871e-06
2.24049e-07
9.32425e-07
2.70748e-07
8.50534e-07
3.10932e-07
7.61982e-07
3.43173e-07
6.65606e-07
3.66023e-07
5.60142e-07
3.7801e-07
4.44216e-07
3.77628e-07
3.16337e-07
3.63358e-07
1.74865e-07
3.33685e-07
1.79754e-08
2.87164e-07
-1.56394e-07
2.2253e-07
-3.50599e-07
1.38919e-07
-5.67344e-07
3.62583e-08
-8.09678e-07
-8.40672e-08
-1.0808e-06
-2.18152e-07
-1.38342e-06
-3.58074e-07
-1.71809e-06
-4.90185e-07
-2.07973e-06
-5.94002e-07
-2.45143e-06
-6.43434e-07
-2.79504e-06
-6.12931e-07
-3.04073e-06
-4.90712e-07
-3.08172e-06
-2.9742e-07
-2.78655e-06
-9.97335e-08
-2.04123e-06
-8.15175e-07
-3.25914e-08
3.04142e-07
-1.01379e-07
7.78605e-07
-1.77138e-07
1.10823e-06
-2.4039e-07
1.31497e-06
-2.81659e-07
1.4296e-06
-2.98284e-07
1.47939e-06
-2.91482e-07
1.48554e-06
-2.64317e-07
1.46342e-06
-2.2047e-07
1.42368e-06
-1.63586e-07
1.37337e-06
-9.69782e-08
1.31697e-06
-2.3546e-08
1.25717e-06
5.42145e-08
1.1954e-06
1.34147e-07
1.13225e-06
2.14357e-07
1.06775e-06
2.93153e-07
1.00151e-06
3.68968e-07
9.32895e-07
4.40316e-07
8.61077e-07
5.05751e-07
7.85099e-07
5.6383e-07
7.03903e-07
6.13084e-07
6.16352e-07
6.52001e-07
5.21225e-07
6.79004e-07
4.17213e-07
6.9244e-07
3.02901e-07
6.90571e-07
1.76734e-07
6.71577e-07
3.69692e-08
6.33582e-07
-1.18399e-07
5.74712e-07
-2.91729e-07
4.93238e-07
-4.8587e-07
3.87864e-07
-7.04305e-07
2.58292e-07
-9.51232e-07
1.06228e-07
-1.23136e-06
-6.29499e-08
-1.54891e-06
-2.37839e-07
-1.90485e-06
-3.98464e-07
-2.2908e-06
-5.15318e-07
-2.67819e-06
-5.53374e-07
-3.00267e-06
-4.85539e-07
-3.14956e-06
-3.1734e-07
-2.95474e-06
-1.13736e-07
-2.24484e-06
-9.28911e-07
-4.76635e-08
3.51806e-07
-1.39748e-07
8.7069e-07
-2.32464e-07
1.20094e-06
-3.01021e-07
1.38353e-06
-3.36191e-07
1.46477e-06
-3.3773e-07
1.48093e-06
-3.09648e-07
1.45745e-06
-2.57426e-07
1.4112e-06
-1.8658e-07
1.35284e-06
-1.02034e-07
1.28883e-06
-7.94123e-09
1.22288e-06
9.22868e-08
1.15694e-06
1.95863e-07
1.09182e-06
3.00488e-07
1.02762e-06
4.04224e-07
9.64011e-07
5.05382e-07
9.00351e-07
6.02434e-07
8.35843e-07
6.93943e-07
7.69568e-07
7.78507e-07
7.00535e-07
8.54714e-07
6.27697e-07
9.2111e-07
5.49956e-07
9.76168e-07
4.66167e-07
1.01826e-06
3.75119e-07
1.04565e-06
2.75517e-07
1.05643e-06
1.6595e-07
1.04857e-06
4.48304e-08
1.01985e-06
-8.96832e-08
9.67922e-07
-2.39797e-07
8.90324e-07
-4.08272e-07
7.84691e-07
-5.98672e-07
6.49123e-07
-8.15664e-07
4.83014e-07
-1.06525e-06
2.88636e-07
-1.35453e-06
7.38407e-08
-1.69005e-06
-1.44156e-07
-2.07281e-06
-3.35106e-07
-2.48724e-06
-4.55994e-07
-2.88178e-06
-4.62217e-07
-3.14334e-06
-3.36492e-07
-3.08047e-06
-1.32476e-07
-2.44885e-06
-1.06139e-06
-7.16253e-08
4.23431e-07
-1.94763e-07
9.93827e-07
-3.0464e-07
1.31082e-06
-3.72231e-07
1.45112e-06
-3.91474e-07
1.48401e-06
-3.66995e-07
1.45645e-06
-3.07147e-07
1.39761e-06
-2.20626e-07
1.32468e-06
-1.15076e-07
1.24729e-06
3.28951e-09
1.17046e-06
1.29611e-07
1.09656e-06
2.60147e-07
1.0264e-06
3.92012e-07
9.59954e-07
5.22948e-07
8.96689e-07
6.51126e-07
8.35833e-07
7.75001e-07
7.76477e-07
8.93196e-07
7.17648e-07
1.00442e-06
6.58345e-07
1.10739e-06
5.9756e-07
1.20082e-06
5.34273e-07
1.28331e-06
4.6746e-07
1.3534e-06
3.96077e-07
1.40948e-06
3.19047e-07
1.44976e-06
2.35237e-07
1.47228e-06
1.43425e-07
1.47487e-06
4.22461e-08
1.45508e-06
-6.98993e-08
1.41022e-06
-1.9494e-07
1.3373e-06
-3.35353e-07
1.2331e-06
-4.94468e-07
1.09434e-06
-6.76906e-07
9.18236e-07
-8.89143e-07
7.03698e-07
-1.13999e-06
4.53939e-07
-1.44029e-06
1.81026e-07
-1.7999e-06
-8.78371e-08
-2.21838e-06
-3.05477e-07
-2.66414e-06
-4.09565e-07
-3.03925e-06
-3.51707e-07
-3.13833e-06
-1.58441e-07
-2.64212e-06
-1.21983e-06
-1.09886e-07
5.33318e-07
-2.70657e-07
1.1546e-06
-3.89934e-07
1.4301e-06
-4.40139e-07
1.50133e-06
-4.2436e-07
1.46824e-06
-3.55751e-07
1.38784e-06
-2.48738e-07
1.29059e-06
-1.15743e-07
1.19168e-06
3.359e-08
1.09795e-06
1.92156e-07
1.01189e-06
3.54853e-07
9.3386e-07
5.18055e-07
8.63202e-07
6.79161e-07
7.98847e-07
8.36265e-07
7.39585e-07
9.87902e-07
6.84196e-07
1.13287e-06
6.31508e-07
1.27011e-06
5.80413e-07
1.39859e-06
5.29865e-07
1.51727e-06
4.78873e-07
1.62505e-06
4.26492e-07
1.72071e-06
3.718e-07
1.8029e-06
3.13895e-07
1.87007e-06
2.51867e-07
1.92053e-06
1.84782e-07
1.95231e-06
1.11646e-07
1.96319e-06
3.13625e-08
1.95067e-06
-5.7375e-08
1.91185e-06
-1.56118e-07
1.84341e-06
-2.66917e-07
1.74156e-06
-3.92621e-07
1.60201e-06
-5.37353e-07
1.42012e-06
-7.07253e-07
1.19161e-06
-9.11488e-07
9.14485e-07
-1.16316e-06
5.934e-07
-1.47881e-06
2.47799e-07
-1.87277e-06
-7.73468e-08
-2.339e-06
-3.06579e-07
-2.81002e-06
-3.53223e-07
-3.09168e-06
-1.93472e-07
-2.80187e-06
-1.4133e-06
-1.69977e-07
7.03295e-07
-3.66218e-07
1.35084e-06
-4.67917e-07
1.5318e-06
-4.65595e-07
1.49901e-06
-3.81866e-07
1.38451e-06
-2.42555e-07
1.24853e-06
-6.89527e-08
1.11699e-06
1.23501e-07
9.9923e-07
3.24368e-07
8.97087e-07
5.26861e-07
8.09401e-07
7.26673e-07
7.34048e-07
9.21105e-07
6.68769e-07
1.10847e-06
6.11486e-07
1.28766e-06
5.60388e-07
1.45794e-06
5.13922e-07
1.61868e-06
4.70763e-07
1.76933e-06
4.29763e-07
1.90928e-06
3.89915e-07
2.03783e-06
3.50319e-07
2.15417e-06
3.10155e-07
2.25731e-06
2.68658e-07
2.34611e-06
2.25102e-07
2.41919e-06
1.78781e-07
2.47499e-06
1.28983e-07
2.51167e-06
7.49737e-08
2.52705e-06
1.59783e-08
2.51874e-06
-4.90677e-08
2.48382e-06
-1.212e-07
2.4189e-06
-2.01989e-07
2.31991e-06
-2.93631e-07
2.18196e-06
-3.99408e-07
1.99915e-06
-5.24446e-07
1.76458e-06
-6.7692e-07
1.4712e-06
-8.6978e-07
1.11489e-06
-1.1225e-06
7.02429e-07
-1.46032e-06
2.66863e-07
-1.90343e-06
-1.13536e-07
-2.42962e-06
-3.15142e-07
-2.89008e-06
-2.33853e-07
-2.88316e-06
-1.64715e-06
-2.57165e-07
9.60459e-07
-4.54603e-07
1.54828e-06
-4.71217e-07
1.54841e-06
-3.52573e-07
1.38036e-06
-1.53458e-07
1.18539e-06
8.69613e-08
1.00811e-06
3.43688e-07
8.60265e-07
6.01999e-07
7.40918e-07
8.53841e-07
6.45245e-07
1.09514e-06
5.68105e-07
1.32406e-06
5.05124e-07
1.54e-06
4.52836e-07
1.74292e-06
4.08559e-07
1.93307e-06
3.70235e-07
2.11073e-06
3.36266e-07
2.2761e-06
3.05393e-07
2.42926e-06
2.766e-07
2.57013e-06
2.49047e-07
2.69843e-06
2.2202e-07
2.81369e-06
1.94897e-07
2.91523e-06
1.67121e-07
3.00215e-06
1.3818e-07
3.07334e-06
1.07593e-07
3.12743e-06
7.48838e-08
3.16285e-06
3.95636e-08
3.17751e-06
1.31502e-09
3.16941e-06
-4.0968e-08
3.13572e-06
-8.7516e-08
3.07327e-06
-1.3953e-07
2.97808e-06
-1.98449e-07
2.84519e-06
-2.66518e-07
2.66813e-06
-3.47383e-07
2.43837e-06
-4.47159e-07
2.1449e-06
-5.76306e-07
1.77502e-06
-7.52619e-07
1.3195e-06
-1.0048e-06
7.8807e-07
-1.372e-06
2.40825e-07
-1.88237e-06
-1.76625e-07
-2.47263e-06
-2.59757e-07
-2.80003e-06
-1.90691e-06
-3.52992e-07
1.31345e-06
-4.14844e-07
1.61013e-06
-2.09715e-07
1.34328e-06
1.13386e-07
1.05726e-06
4.70928e-07
8.2785e-07
8.24639e-07
6.54402e-07
1.15801e-06
5.26893e-07
1.46534e-06
4.33588e-07
1.74615e-06
3.64434e-07
2.00215e-06
3.12102e-07
2.23575e-06
2.7153e-07
2.44934e-06
2.39241e-07
2.64508e-06
2.12827e-07
2.82472e-06
1.90595e-07
2.98965e-06
1.7133e-07
3.14091e-06
1.54137e-07
3.27918e-06
1.38332e-07
3.40485e-06
1.23379e-07
3.51802e-06
1.08841e-07
3.61857e-06
9.43523e-08
3.70609e-06
7.95968e-08
3.77998e-06
6.42933e-08
3.83939e-06
4.8185e-08
3.88324e-06
3.10307e-08
3.9102e-06
1.25999e-08
3.91888e-06
-7.36368e-09
3.90715e-06
-2.92364e-08
3.87291e-06
-5.32753e-08
3.81341e-06
-8.00261e-08
3.72521e-06
-1.10248e-07
3.60383e-06
-1.4514e-07
3.44315e-06
-1.86704e-07
3.23443e-06
-2.38438e-07
2.96482e-06
-3.06701e-07
2.61564e-06
-4.03432e-07
2.16217e-06
-5.51336e-07
1.58191e-06
-7.91736e-07
8.86946e-07
-1.18741e-06
1.96696e-07
-1.78238e-06
-1.93091e-07
-2.41024e-06
-2.1e-06
-2.14775e-07
1.52823e-06
1.91996e-07
1.20336e-06
7.91761e-07
7.43517e-07
1.35237e-06
4.96653e-07
1.83386e-06
3.4636e-07
2.23984e-06
2.48423e-07
2.58193e-06
1.84796e-07
2.87237e-06
1.43148e-07
3.12176e-06
1.15049e-07
3.33852e-06
9.53409e-08
3.52909e-06
8.09582e-08
3.6983e-06
7.00364e-08
3.84971e-06
6.141e-08
3.98598e-06
5.43306e-08
4.10901e-06
4.83017e-08
4.22016e-06
4.29807e-08
4.32037e-06
3.81208e-08
4.41022e-06
3.35364e-08
4.48998e-06
2.90821e-08
4.55969e-06
2.464e-08
4.61917e-06
2.01112e-08
4.66806e-06
1.541e-08
4.70578e-06
1.04604e-08
4.73162e-06
5.19553e-09
4.74462e-06
-4.01106e-10
4.74383e-06
-6.57468e-09
4.72779e-06
-1.31963e-08
4.69499e-06
-2.04766e-08
4.64351e-06
-2.85421e-08
4.57088e-06
-3.76195e-08
4.47381e-06
-4.80766e-08
4.34765e-06
-6.05416e-08
4.18536e-06
-7.61436e-08
3.97568e-06
-9.70252e-08
3.69979e-06
-1.27545e-07
3.32572e-06
-1.7726e-07
2.80242e-06
-2.68437e-07
2.06852e-06
-4.53507e-07
1.12386e-06
-8.37723e-07
2.30564e-07
-1.51694e-06
-1.86944e-06
1.52823e-06
2.73158e-06
3.4751e-06
3.97175e-06
4.31811e-06
4.56654e-06
4.75133e-06
4.89448e-06
5.00953e-06
5.10487e-06
5.18583e-06
5.25587e-06
5.31728e-06
5.37161e-06
5.41991e-06
5.46289e-06
5.50101e-06
5.53455e-06
5.56363e-06
5.58827e-06
5.60838e-06
5.62379e-06
5.63425e-06
5.63945e-06
5.63904e-06
5.63247e-06
5.61927e-06
5.5988e-06
5.57025e-06
5.53263e-06
5.48456e-06
5.42402e-06
5.34787e-06
5.25085e-06
5.1233e-06
4.94604e-06
4.67761e-06
4.2241e-06
3.38638e-06
1.86944e-06
)
;

boundaryField
{
    movingWall
    {
        type            calculated;
        value           uniform 0;
    }
    fixedWalls
    {
        type            calculated;
        value           uniform 0;
    }
    frontAndBack
    {
        type            empty;
        value           nonuniform 0();
    }
}


// ************************************************************************* //
