/*--------------------------------*- C++ -*----------------------------------*\
| =========                 |                                                 |
| \\      /  F ield         | OpenFOAM: The Open Source CFD Toolbox           |
|  \\    /   O peration     | Version:  2.1.1                                 |
|   \\  /    A nd           | Web:      www.OpenFOAM.org                      |
|    \\/     M anipulation  |                                                 |
\*---------------------------------------------------------------------------*/
FoamFile
{
    version     2.0;
    format      ascii;
    class       volVectorField;
    location    "0.5";
    object      U;
}
// * * * * * * * * * * * * * * * * * * * * * * * * * * * * * * * * * * * * * //

dimensions      [0 1 -1 0 0 0 0];

internalField   nonuniform List<vector> 
1681
(
(6.2196e-05 -6.19536e-05 0)
(0.000154965 -5.38848e-05 0)
(0.000141622 -1.70477e-06 0)
(-2.87245e-05 5.60086e-05 0)
(-0.000354237 0.000106985 0)
(-0.000811623 0.000147506 0)
(-0.00137362 0.00017761 0)
(-0.00201365 0.000198696 0)
(-0.00270786 0.00021237 0)
(-0.00343555 0.000220013 0)
(-0.00417876 0.000222645 0)
(-0.00492152 0.000220909 0)
(-0.00564911 0.000215116 0)
(-0.00634736 0.000205311 0)
(-0.00700215 0.000191364 0)
(-0.00759912 0.000173061 0)
(-0.00812363 0.000150197 0)
(-0.00856099 0.00012266 0)
(-0.00889683 9.05142e-05 0)
(-0.00911777 5.40622e-05 0)
(-0.00921216 1.38974e-05 0)
(-0.00917096 -2.90782e-05 0)
(-0.0089886 -7.36249e-05 0)
(-0.00866387 -0.000118207 0)
(-0.00820062 -0.000161045 0)
(-0.00760828 -0.000200195 0)
(-0.00690208 -0.000233664 0)
(-0.00610294 -0.000259546 0)
(-0.00523698 -0.000276158 0)
(-0.00433455 -0.000282189 0)
(-0.00342904 -0.000276809 0)
(-0.00255521 -0.000259765 0)
(-0.0017475 -0.000231422 0)
(-0.00103803 -0.000192772 0)
(-0.00045469 -0.000145437 0)
(-1.91164e-05 -9.17675e-05 0)
(0.000255457 -3.50167e-05 0)
(0.000367098 2.01784e-05 0)
(0.000330242 6.51556e-05 0)
(0.000192037 8.49234e-05 0)
(5.31761e-05 5.31081e-05 0)
(5.61062e-05 -0.000156664 0)
(4.94548e-05 -4.7103e-05 0)
(-0.000246368 0.000217034 0)
(-0.00089322 0.000508607 0)
(-0.0018876 0.000776647 0)
(-0.00319038 0.00100057 0)
(-0.00474709 0.00117522 0)
(-0.00649933 0.00130274 0)
(-0.00839062 0.0013879 0)
(-0.0103687 0.00143569 0)
(-0.0123856 0.00145032 0)
(-0.0143973 0.00143473 0)
(-0.0163623 0.0013906 0)
(-0.0182406 0.00131856 0)
(-0.0199926 0.00121854 0)
(-0.0215794 0.00109022 0)
(-0.0229619 0.000933437 0)
(-0.0241023 0.00074864 0)
(-0.0249644 0.000537277 0)
(-0.0255159 0.000302112 0)
(-0.0257294 4.74428e-05 0)
(-0.025585 -0.000220795 0)
(-0.0250717 -0.000495013 0)
(-0.0241898 -0.000766181 0)
(-0.022952 -0.00102413 0)
(-0.0213845 -0.00125802 0)
(-0.0195274 -0.00145694 0)
(-0.0174341 -0.00161061 0)
(-0.0151702 -0.00171012 0)
(-0.012811 -0.00174863 0)
(-0.0104384 -0.00172202 0)
(-0.00813745 -0.0016294 0)
(-0.00599181 -0.00147342 0)
(-0.00407897 -0.00126043 0)
(-0.00246542 -0.00100064 0)
(-0.00120145 -0.00070844 0)
(-0.000315404 -0.000403209 0)
(0.000191464 -0.000111325 0)
(0.000354193 0.000129017 0)
(0.00026338 0.000259953 0)
(8.50801e-05 0.000190976 0)
(4.27746e-06 -0.00014706 0)
(-0.000221966 0.000249169 0)
(-0.000936575 0.000915339 0)
(-0.00215488 0.00163396 0)
(-0.00385466 0.00230229 0)
(-0.00598433 0.00287174 0)
(-0.00847173 0.0033248 0)
(-0.0112372 0.00366094 0)
(-0.0142013 0.00388727 0)
(-0.0172879 0.00401308 0)
(-0.0204254 0.00404693 0)
(-0.0235465 0.00399531 0)
(-0.0265866 0.0038623 0)
(-0.0294836 0.00364993 0)
(-0.0321762 0.00335891 0)
(-0.0346043 0.00298954 0)
(-0.0367092 0.00254282 0)
(-0.0384344 0.00202146 0)
(-0.0397271 0.00143073 0)
(-0.0405409 0.00077925 0)
(-0.0408377 7.94685e-05 0)
(-0.0405904 -0.000652152 0)
(-0.039786 -0.00139524 0)
(-0.0384273 -0.002126 0)
(-0.0365355 -0.00281806 0)
(-0.0341507 -0.00344367 0)
(-0.0313328 -0.00397515 0)
(-0.0281602 -0.00438661 0)
(-0.0247284 -0.00465578 0)
(-0.0211463 -0.00476572 0)
(-0.0175324 -0.00470647 0)
(-0.014009 -0.00447631 0)
(-0.0106965 -0.00408266 0)
(-0.00770633 -0.00354271 0)
(-0.00513423 -0.00288376 0)
(-0.00305259 -0.00214384 0)
(-0.00150314 -0.00137315 0)
(-0.000489791 -0.000637219 0)
(2.96718e-05 -2.16511e-05 0)
(0.000157793 0.000357642 0)
(7.05941e-05 0.000333869 0)
(-5.79695e-05 2.79508e-05 0)
(-0.000546925 0.000923198 0)
(-0.00174666 0.00215129 0)
(-0.00359228 0.00342989 0)
(-0.00602612 0.00461279 0)
(-0.0089792 0.00562484 0)
(-0.0123626 0.00643523 0)
(-0.0160795 0.00703934 0)
(-0.0200327 0.00744551 0)
(-0.024128 0.0076667 0)
(-0.0282753 0.00771567 0)
(-0.0323882 0.00760257 0)
(-0.0363836 0.00733421 0)
(-0.0401808 0.00691448 0)
(-0.0437005 0.0063455 0)
(-0.0468653 0.00562918 0)
(-0.0496001 0.00476897 0)
(-0.0518335 0.00377149 0)
(-0.0534999 0.00264812 0)
(-0.0545418 0.0014161 0)
(-0.054913 9.93861e-05 0)
(-0.0545816 -0.00127115 0)
(-0.0535329 -0.00265801 0)
(-0.0517723 -0.00401794 0)
(-0.0493274 -0.00530343 0)
(-0.046249 -0.00646479 0)
(-0.0426119 -0.00745277 0)
(-0.0385137 -0.00822144 0)
(-0.0340724 -0.00873132 0)
(-0.0294228 -0.00895249 0)
(-0.0247114 -0.00886737 0)
(-0.0200903 -0.00847309 0)
(-0.0157091 -0.0077832 0)
(-0.0117073 -0.00682881 0)
(-0.00820563 -0.00565922 0)
(-0.00529711 -0.00434264 0)
(-0.00303872 -0.00296756 0)
(-0.00144338 -0.00164576 0)
(-0.00047235 -0.00051681 0)
(-2.97059e-05 0.000243652 0)
(3.75941e-05 0.000397091 0)
(-0.000119875 0.000383164 0)
(-0.000882291 0.00201077 0)
(-0.00259259 0.00396034 0)
(-0.00509028 0.0059145 0)
(-0.008271 0.00769922 0)
(-0.0120425 0.00922089 0)
(-0.0162971 0.010439 0)
(-0.0209216 0.011346 0)
(-0.0258039 0.0119515 0)
(-0.0308353 0.0122717 0)
(-0.0359108 0.0123232 0)
(-0.0409293 0.0121196 0)
(-0.0457927 0.0116704 0)
(-0.0504052 0.0109817 0)
(-0.0546731 0.0100575 0)
(-0.0585048 0.00890212 0)
(-0.0618119 0.00752259 0)
(-0.064511 0.005931 0)
(-0.0665257 0.00414662 0)
(-0.0677895 0.00219755 0)
(-0.0682495 0.000121723 0)
(-0.067869 -0.00203274 0)
(-0.0666313 -0.00420812 0)
(-0.0645426 -0.0063384 0)
(-0.0616342 -0.00835147 0)
(-0.0579641 -0.0101722 0)
(-0.0536174 -0.0117262 0)
(-0.0487055 -0.0129441 0)
(-0.0433636 -0.0137661 0)
(-0.0377469 -0.0141467 0)
(-0.032025 -0.0140589 0)
(-0.0263746 -0.0134976 0)
(-0.0209714 -0.0124826 0)
(-0.0159809 -0.0110604 0)
(-0.0115482 -0.00930486 0)
(-0.00778829 -0.00731794 0)
(-0.00477731 -0.00523025 0)
(-0.00254346 -0.00320307 0)
(-0.00105979 -0.00143104 0)
(-0.000249222 -0.000147603 0)
(2.67629e-08 0.00034808 0)
(-0.00017804 0.000914606 0)
(-0.00120968 0.00351763 0)
(-0.00343159 0.00635532 0)
(-0.00658344 0.00909998 0)
(-0.0105084 0.0115663 0)
(-0.0150865 0.0136527 0)
(-0.0201889 0.0153154 0)
(-0.0256857 0.0165471 0)
(-0.031451 0.01736 0)
(-0.0373639 0.0177743 0)
(-0.0433075 0.0178104 0)
(-0.0491691 0.0174852 0)
(-0.0548388 0.0168109 0)
(-0.0602091 0.0157958 0)
(-0.0651746 0.0144462 0)
(-0.0696324 0.0127695 0)
(-0.0734834 0.0107769 0)
(-0.0766341 0.00848713 0)
(-0.0789987 0.00592872 0)
(-0.0805028 0.0031421 0)
(-0.0810865 0.000180994 0)
(-0.0807076 -0.00288729 0)
(-0.0793459 -0.00598258 0)
(-0.0770054 -0.00901363 0)
(-0.0737181 -0.011881 0)
(-0.0695448 -0.0144813 0)
(-0.0645767 -0.0167117 0)
(-0.0589345 -0.0184761 0)
(-0.0527662 -0.0196912 0)
(-0.0462434 -0.0202928 0)
(-0.0395558 -0.0202415 0)
(-0.0329029 -0.0195283 0)
(-0.0264857 -0.0181782 0)
(-0.0204962 -0.016253 0)
(-0.0151059 -0.0138522 0)
(-0.0104557 -0.0111133 0)
(-0.00664562 -0.00821144 0)
(-0.00372532 -0.00535926 0)
(-0.00168636 -0.00280687 0)
(-0.000477671 -0.00084337 0)
(-3.64977e-05 0.000180481 0)
(-0.000231895 0.00161399 0)
(-0.00152183 0.00543446 0)
(-0.00424211 0.00932905 0)
(-0.00803463 0.0129789 0)
(-0.0126885 0.0162026 0)
(-0.0180532 0.0189022 0)
(-0.0239773 0.021038 0)
(-0.0303134 0.0226078 0)
(-0.0369229 0.0236293 0)
(-0.0436739 0.0241278 0)
(-0.05044 0.024128 0)
(-0.0570993 0.0236506 0)
(-0.0635329 0.0227103 0)
(-0.0696244 0.0213176 0)
(-0.0752593 0.0194813 0)
(-0.080326 0.0172118 0)
(-0.0847162 0.0145254 0)
(-0.0883278 0.0114478 0)
(-0.0910668 0.00801725 0)
(-0.0928504 0.00428748 0)
(-0.0936111 0.000328858 0)
(-0.0932996 -0.00377097 0)
(-0.0918893 -0.00790802 0)
(-0.0893793 -0.0119641 0)
(-0.0857977 -0.0158103 0)
(-0.0812042 -0.0193122 0)
(-0.0756913 -0.0223357 0)
(-0.0693849 -0.0247543 0)
(-0.062442 -0.0264572 0)
(-0.0550479 -0.0273576 0)
(-0.0474103 -0.0274001 0)
(-0.0397516 -0.0265682 0)
(-0.0322992 -0.0248897 0)
(-0.025274 -0.0224403 0)
(-0.0188784 -0.019345 0)
(-0.0132841 -0.0157777 0)
(-0.00862096 -0.0119595 0)
(-0.00496611 -0.00815599 0)
(-0.00233519 -0.00467384 0)
(-0.000707391 -0.00185726 0)
(-7.05849e-05 -0.000105012 0)
(-0.00028172 0.00247161 0)
(-0.00181615 0.00774432 0)
(-0.00501328 0.0128624 0)
(-0.00942233 0.0175306 0)
(-0.0147793 0.0215852 0)
(-0.0209026 0.0249427 0)
(-0.0276174 0.0275758 0)
(-0.0347591 0.0294929 0)
(-0.0421764 0.0307206 0)
(-0.049728 0.0312916 0)
(-0.0572797 0.0312361 0)
(-0.0647026 0.0305786 0)
(-0.0718714 0.0293367 0)
(-0.0786628 0.0275232 0)
(-0.0849557 0.025149 0)
(-0.0906315 0.0222278 0)
(-0.0955746 0.0187805 0)
(-0.0996752 0.0148397 0)
(-0.102831 0.0104536 0)
(-0.104951 0.00568891 0)
(-0.105958 0.000632796 0)
(-0.105794 -0.00460652 0)
(-0.104422 -0.00990062 0)
(-0.101833 -0.0151033 0)
(-0.0980469 -0.0200547 0)
(-0.0931172 -0.0245867 0)
(-0.0871334 -0.0285306 0)
(-0.0802217 -0.0317258 0)
(-0.0725448 -0.0340291 0)
(-0.064299 -0.0353258 0)
(-0.0557092 -0.0355394 0)
(-0.0470212 -0.034641 0)
(-0.0384911 -0.0326572 0)
(-0.0303731 -0.0296746 0)
(-0.0229058 -0.0258424 0)
(-0.0162979 -0.0213709 0)
(-0.0107161 -0.0165287 0)
(-0.00627133 -0.0116365 0)
(-0.00300837 -0.00705995 0)
(-0.000939541 -0.00320059 0)
(-0.000102778 -0.000507143 0)
(-0.000327826 0.0034774 0)
(-0.00209142 0.0104261 0)
(-0.00573864 0.0169287 0)
(-0.0107324 0.0227258 0)
(-0.0167583 0.0276829 0)
(-0.0236047 0.0317413 0)
(-0.0310735 0.0348941 0)
(-0.0389835 0.0371665 0)
(-0.0471716 0.038598 0)
(-0.0554882 0.0392309 0)
(-0.0637929 0.0391027 0)
(-0.0719519 0.0382425 0)
(-0.0798351 0.0366709 0)
(-0.0873149 0.0344027 0)
(-0.0942655 0.031451 0)
(-0.100563 0.0278321 0)
(-0.106085 0.0235709 0)
(-0.110716 0.0187062 0)
(-0.114345 0.0132952 0)
(-0.116871 0.00741697 0)
(-0.118208 0.00117448 0)
(-0.118283 -0.00530402 0)
(-0.117049 -0.011866 0)
(-0.114483 -0.0183367 0)
(-0.110591 -0.0245241 0)
(-0.105416 -0.0302242 0)
(-0.09904 -0.0352304 0)
(-0.0915838 -0.0393428 0)
(-0.0832121 -0.0423805 0)
(-0.0741294 -0.0441942 0)
(-0.0645771 -0.0446793 0)
(-0.0548248 -0.0437878 0)
(-0.0451606 -0.0415392 0)
(-0.0358769 -0.0380266 0)
(-0.0272548 -0.0334206 0)
(-0.0195478 -0.0279678 0)
(-0.0129671 -0.0219855 0)
(-0.00766455 -0.015853 0)
(-0.00371937 -0.00999931 0)
(-0.00118 -0.00488881 0)
(-0.000134437 -0.00102705 0)
(-0.000370323 0.00462101 0)
(-0.00234649 0.0134559 0)
(-0.00641296 0.021496 0)
(-0.0119535 0.028528 0)
(-0.0186071 0.0344571 0)
(-0.0261338 0.0392584 0)
(-0.0343136 0.0429536 0)
(-0.0429497 0.0455899 0)
(-0.0518684 0.0472245 0)
(-0.060913 0.0479123 0)
(-0.0699385 0.0476994 0)
(-0.0788077 0.0466205 0)
(-0.087388 0.0446998 0)
(-0.0955492 0.041954 0)
(-0.103163 0.0383976 0)
(-0.1101 0.0340488 0)
(-0.116236 0.0289355 0)
(-0.121447 0.0231015 0)
(-0.125614 0.0166111 0)
(-0.128626 0.00955404 0)
(-0.130384 0.00204755 0)
(-0.130803 -0.0057617 0)
(-0.129818 -0.013698 0)
(-0.127387 -0.0215587 0)
(-0.123501 -0.0291184 0)
(-0.118184 -0.0361356 0)
(-0.111505 -0.0423618 0)
(-0.103575 -0.047553 0)
(-0.0945557 -0.0514835 0)
(-0.0846561 -0.0539614 0)
(-0.0741319 -0.0548451 0)
(-0.0632777 -0.0540588 0)
(-0.052416 -0.0516065 0)
(-0.0418826 -0.0475816 0)
(-0.0320087 -0.0421721 0)
(-0.0231013 -0.0356595 0)
(-0.0154248 -0.0284118 0)
(-0.00918047 -0.0208714 0)
(-0.00448838 -0.0135375 0)
(-0.00143722 -0.00694588 0)
(-0.000167296 -0.00167004 0)
(-0.000409105 0.00589155 0)
(-0.0025798 0.0168072 0)
(-0.00703096 0.0265277 0)
(-0.0130749 0.0348948 0)
(-0.0203082 0.0418623 0)
(-0.0284652 0.047448 0)
(-0.0373063 0.0517085 0)
(-0.0466202 0.0547197 0)
(-0.056224 0.05656 0)
(-0.0659554 0.0573 0)
(-0.0756663 0.0569967 0)
(-0.0852179 0.0556914 0)
(-0.0944765 0.053412 0)
(-0.103311 0.0501773 0)
(-0.111593 0.0460024 0)
(-0.11919 0.0409063 0)
(-0.125975 0.0349185 0)
(-0.131816 0.0280855 0)
(-0.13659 0.0204769 0)
(-0.140173 0.0121902 0)
(-0.142452 0.00335456 0)
(-0.143325 -0.0058675 0)
(-0.142708 -0.0152791 0)
(-0.140539 -0.0246505 0)
(-0.136783 -0.0337235 0)
(-0.131445 -0.0422171 0)
(-0.124569 -0.0498375 0)
(-0.116254 -0.056291 0)
(-0.10665 -0.0612992 0)
(-0.0959679 -0.0646183 0)
(-0.0844734 -0.0660586 0)
(-0.0724855 -0.0655052 0)
(-0.0603634 -0.0629357 0)
(-0.0484916 -0.0584352 0)
(-0.0372586 -0.0522029 0)
(-0.0270348 -0.0445532 0)
(-0.0181485 -0.0359066 0)
(-0.0108603 -0.0267742 0)
(-0.00533935 -0.0177347 0)
(-0.00172095 -0.00940679 0)
(-0.000203228 -0.00244641 0)
(-0.000443883 0.00727727 0)
(-0.0027893 0.0204505 0)
(-0.00758674 0.0319823 0)
(-0.0140851 0.0417774 0)
(-0.0218438 0.0498462 0)
(-0.0305744 0.0562564 0)
(-0.0400195 0.0611065 0)
(-0.0499556 0.0645056 0)
(-0.060192 0.066558 0)
(-0.0705624 0.0673531 0)
(-0.0809169 0.0669605 0)
(-0.0911166 0.0654296 0)
(-0.101029 0.0627926 0)
(-0.110524 0.0590697 0)
(-0.119473 0.0542764 0)
(-0.127745 0.048431 0)
(-0.135208 0.0415625 0)
(-0.141728 0.0337179 0)
(-0.147173 0.0249691 0)
(-0.151409 0.0154184 0)
(-0.154309 0.00520291 0)
(-0.155752 -0.00550196 0)
(-0.155631 -0.0164812 0)
(-0.153859 -0.0274805 0)
(-0.150374 -0.0382092 0)
(-0.145151 -0.0483463 0)
(-0.138208 -0.0575498 0)
(-0.12962 -0.0654703 0)
(-0.11952 -0.0717688 0)
(-0.108113 -0.0761383 0)
(-0.0956705 -0.0783283 0)
(-0.082533 -0.0781703 0)
(-0.0690971 -0.0756023 0)
(-0.0557999 -0.0706881 0)
(-0.0430954 -0.0636303 0)
(-0.0314277 -0.0547718 0)
(-0.0212014 -0.044587 0)
(-0.0127486 -0.0336627 0)
(-0.00629828 -0.0226679 0)
(-0.00204163 -0.012319 0)
(-0.000244154 -0.00337186 0)
(-0.000474245 0.00876526 0)
(-0.00297259 0.0243535 0)
(-0.0080739 0.037814 0)
(-0.0149725 0.0491214 0)
(-0.0231958 0.0583499 0)
(-0.0324356 0.0656231 0)
(-0.0424198 0.0710872 0)
(-0.0529142 0.0748897 0)
(-0.0637222 0.0771645 0)
(-0.0746746 0.0780228 0)
(-0.0856215 0.0775489 0)
(-0.0964254 0.0758017 0)
(-0.106956 0.0728182 0)
(-0.117088 0.0686201 0)
(-0.126692 0.0632222 0)
(-0.135641 0.0566408 0)
(-0.143802 0.0489023 0)
(-0.151038 0.0400515 0)
(-0.157209 0.030159 0)
(-0.162174 0.019328 0)
(-0.165788 0.00769956 0)
(-0.167914 -0.0045425 0)
(-0.168419 -0.0171691 0)
(-0.167188 -0.0299046 0)
(-0.164127 -0.0424284 0)
(-0.159176 -0.0543795 0)
(-0.15232 -0.0653656 0)
(-0.1436 -0.0749768 0)
(-0.133125 -0.0828049 0)
(-0.121084 -0.0884679 0)
(-0.107747 -0.0916393 0)
(-0.0934712 -0.0920803 0)
(-0.0786879 -0.0896712 0)
(-0.0638896 -0.0844392 0)
(-0.049603 -0.0765774 0)
(-0.0363571 -0.0664505 0)
(-0.0246469 -0.0545872 0)
(-0.014891 -0.0416567 0)
(-0.00739204 -0.0284316 0)
(-0.00241002 -0.015743 0)
(-0.000292017 -0.00446768 0)
(-0.000499704 0.0103412 0)
(-0.00312702 0.0284806 0)
(-0.00848574 0.0439721 0)
(-0.015725 0.0568666 0)
(-0.0243456 0.0673073 0)
(-0.0340233 0.0754796 0)
(-0.0444733 0.081582 0)
(-0.0554531 0.085805 0)
(-0.0667616 0.0883156 0)
(-0.0782281 0.0892497 0)
(-0.089704 0.0887088 0)
(-0.101055 0.0867623 0)
(-0.112155 0.0834528 0)
(-0.122883 0.0788037 0)
(-0.133115 0.0728283 0)
(-0.142727 0.0655394 0)
(-0.151586 0.0569585 0)
(-0.159556 0.0471252 0)
(-0.166493 0.0361052 0)
(-0.172244 0.0239982 0)
(-0.176655 0.0109445 0)
(-0.179567 -0.00286923 0)
(-0.180825 -0.0172049 0)
(-0.180281 -0.0317702 0)
(-0.177806 -0.0462182 0)
(-0.173303 -0.0601502 0)
(-0.166712 -0.073123 0)
(-0.158035 -0.0846625 0)
(-0.147345 -0.0942832 0)
(-0.134803 -0.101516 0)
(-0.120669 -0.105942 0)
(-0.105304 -0.107232 0)
(-0.0891712 -0.105187 0)
(-0.0728186 -0.0997762 0)
(-0.0568507 -0.091166 0)
(-0.0418925 -0.0797324 0)
(-0.0285454 -0.0660555 0)
(-0.0173325 -0.0508936 0)
(-0.00864762 -0.0351374 0)
(-0.00283704 -0.0197528 0)
(-0.000348796 -0.00576083 0)
(-0.000519763 0.0119895 0)
(-0.00325001 0.0327926 0)
(-0.00881585 0.0504013 0)
(-0.0163312 0.0649468 0)
(-0.0252759 0.0766457 0)
(-0.0353127 0.0857495 0)
(-0.0461469 0.0925135 0)
(-0.0575295 0.0971744 0)
(-0.069256 0.0999362 0)
(-0.0811561 0.100962 0)
(-0.0930835 0.100373 0)
(-0.104908 0.0982503 0)
(-0.116511 0.0946434 0)
(-0.127775 0.0895773 0)
(-0.138585 0.0830633 0)
(-0.148821 0.0751093 0)
(-0.158356 0.06573 0)
(-0.167054 0.0549566 0)
(-0.174769 0.0428463 0)
(-0.181344 0.0294903 0)
(-0.186611 0.0150228 0)
(-0.190397 -0.000372289 0)
(-0.192521 -0.0164543 0)
(-0.192806 -0.0329207 0)
(-0.191086 -0.0494038 0)
(-0.187218 -0.065471 0)
(-0.181096 -0.0806303 0)
(-0.172672 -0.0943413 0)
(-0.161969 -0.106036 0)
(-0.149109 -0.115145 0)
(-0.134325 -0.121141 0)
(-0.117972 -0.12358 0)
(-0.100535 -0.12216 0)
(-0.0826105 -0.116764 0)
(-0.0648852 -0.107508 0)
(-0.0480904 -0.0947619 0)
(-0.0329509 -0.0791506 0)
(-0.0201157 -0.0615266 0)
(-0.0100915 -0.0429138 0)
(-0.00333366 -0.0244355 0)
(-0.000416528 -0.00728401 0)
(-0.000533977 0.013693 0)
(-0.00333934 0.0372478 0)
(-0.00905871 0.0570421 0)
(-0.0167811 0.0732905 0)
(-0.0259712 0.0862859 0)
(-0.0362817 0.096349 0)
(-0.0474103 0.103795 0)
(-0.0591031 0.10891 0)
(-0.0711538 0.111938 0)
(-0.083393 0.113073 0)
(-0.0956781 0.112457 0)
(-0.107885 0.110186 0)
(-0.119901 0.106316 0)
(-0.131619 0.100875 0)
(-0.142931 0.0938708 0)
(-0.153726 0.0853066 0)
(-0.163883 0.075188 0)
(-0.17327 0.0635351 0)
(-0.181745 0.0503926 0)
(-0.189147 0.035839 0)
(-0.195303 0.0199964 0)
(-0.200022 0.00303947 0)
(-0.203106 -0.0147958 0)
(-0.204348 -0.0332041 0)
(-0.203546 -0.0518046 0)
(-0.200509 -0.0701378 0)
(-0.195079 -0.0876672 0)
(-0.187148 -0.103788 0)
(-0.17668 -0.117845 0)
(-0.16374 -0.129161 0)
(-0.148516 -0.137081 0)
(-0.131342 -0.141026 0)
(-0.112704 -0.140554 0)
(-0.0932427 -0.135432 0)
(-0.0737219 -0.125693 0)
(-0.0549884 -0.111675 0)
(-0.0379077 -0.0940353 0)
(-0.0232791 -0.073721 0)
(-0.0117491 -0.0519042 0)
(-0.00391083 -0.0298912 0)
(-0.000497336 -0.00907568 0)
(-0.000542016 0.0154337 0)
(-0.00339341 0.0418017 0)
(-0.00921047 0.0638316 0)
(-0.0170678 0.0818219 0)
(-0.0264201 0.0961431 0)
(-0.0369132 0.107187 0)
(-0.0482389 0.11533 0)
(-0.0601396 0.120913 0)
(-0.0724084 0.124222 0)
(-0.0848778 0.125482 0)
(-0.0974097 0.124861 0)
(-0.109887 0.122469 0)
(-0.122205 0.118373 0)
(-0.134268 0.112603 0)
(-0.145977 0.105165 0)
(-0.157232 0.0960558 0)
(-0.167922 0.0852701 0)
(-0.177925 0.0728149 0)
(-0.187103 0.0587191 0)
(-0.195298 0.0430442 0)
(-0.202333 0.0258946 0)
(-0.208012 0.00742882 0)
(-0.212119 -0.0121297 0)
(-0.214422 -0.0324819 0)
(-0.214684 -0.0532434 0)
(-0.212671 -0.0739371 0)
(-0.208166 -0.0939906 0)
(-0.200995 -0.11274 0)
(-0.191051 -0.129443 0)
(-0.178326 -0.14331 0)
(-0.162943 -0.153542 0)
(-0.145187 -0.159398 0)
(-0.12553 -0.160267 0)
(-0.104634 -0.155755 0)
(-0.0833353 -0.145772 0)
(-0.0625983 -0.130587 0)
(-0.0434461 -0.110867 0)
(-0.026855 -0.0876486 0)
(-0.013644 -0.0622646 0)
(-0.0045794 -0.0362318 0)
(-0.000593462 -0.0111801 0)
(-0.000543738 0.0171927 0)
(-0.00341167 0.0464087 0)
(-0.00926977 0.0707048 0)
(-0.0171884 0.0904621 0)
(-0.0266173 0.106128 0)
(-0.0371974 0.118166 0)
(-0.0486163 0.127016 0)
(-0.060614 0.133075 0)
(-0.0729833 0.136672 0)
(-0.0855594 0.13807 0)
(-0.0982095 0.137462 0)
(-0.110824 0.134977 0)
(-0.123309 0.130692 0)
(-0.135579 0.124641 0)
(-0.147549 0.116829 0)
(-0.159132 0.107246 0)
(-0.17023 0.0958758 0)
(-0.180733 0.08271 0)
(-0.190513 0.0677593 0)
(-0.199421 0.0510639 0)
(-0.207285 0.0327057 0)
(-0.213904 0.0128204 0)
(-0.219054 -0.00838946 0)
(-0.222486 -0.030641 0)
(-0.223934 -0.0535578 0)
(-0.223119 -0.0766574 0)
(-0.219771 -0.0993435 0)
(-0.213643 -0.120903 0)
(-0.204547 -0.140515 0)
(-0.192385 -0.157272 0)
(-0.177192 -0.170225 0)
(-0.15918 -0.178445 0)
(-0.138774 -0.181117 0)
(-0.116633 -0.177639 0)
(-0.0936477 -0.167742 0)
(-0.070898 -0.15158 0)
(-0.0495774 -0.129789 0)
(-0.0308675 -0.103481 0)
(-0.0157971 -0.0741601 0)
(-0.00535 -0.0435804 0)
(-0.000707293 -0.0136471 0)
(-0.000539254 0.0189514 0)
(-0.00339493 0.0510233 0)
(-0.00923866 0.0775967 0)
(-0.0171458 0.0991312 0)
(-0.0265652 0.116149 0)
(-0.0371346 0.129183 0)
(-0.0485383 0.138742 0)
(-0.0605144 0.145275 0)
(-0.0728562 0.149162 0)
(-0.0854018 0.150703 0)
(-0.0980244 0.15012 0)
(-0.110623 0.147563 0)
(-0.123115 0.143122 0)
(-0.135428 0.136836 0)
(-0.147492 0.128711 0)
(-0.159234 0.11873 0)
(-0.170575 0.106864 0)
(-0.18142 0.093091 0)
(-0.191657 0.0774003 0)
(-0.20115 0.0598083 0)
(-0.209738 0.0403699 0)
(-0.217227 0.0191919 0)
(-0.223392 -0.00355224 0)
(-0.227974 -0.0276063 0)
(-0.230686 -0.0526142 0)
(-0.231215 -0.0781032 0)
(-0.229236 -0.103469 0)
(-0.224434 -0.127965 0)
(-0.216531 -0.150704 0)
(-0.205324 -0.170669 0)
(-0.190739 -0.186753 0)
(-0.172882 -0.197825 0)
(-0.152096 -0.202826 0)
(-0.129003 -0.200897 0)
(-0.104518 -0.191524 0)
(-0.0798228 -0.174679 0)
(-0.0562883 -0.150913 0)
(-0.0353288 -0.121382 0)
(-0.0182255 -0.0877602 0)
(-0.00623275 -0.0520691 0)
(-0.000841379 -0.0165324 0)
(-0.000529007 0.0206916 0)
(-0.00334582 0.0556017 0)
(-0.00912357 0.0844444 0)
(-0.0169502 0.107751 0)
(-0.0262767 0.126113 0)
(-0.0367381 0.140136 0)
(-0.0480158 0.150391 0)
(-0.0598462 0.157387 0)
(-0.0720234 0.161554 0)
(-0.084389 0.163233 0)
(-0.0968228 0.162677 0)
(-0.109233 0.160062 0)
(-0.12155 0.15549 0)
(-0.133715 0.14901 0)
(-0.145674 0.140628 0)
(-0.157375 0.130322 0)
(-0.168756 0.118054 0)
(-0.179744 0.103784 0)
(-0.190246 0.0874814 0)
(-0.200148 0.0691366 0)
(-0.209304 0.048774 0)
(-0.217536 0.0264665 0)
(-0.224629 0.00235115 0)
(-0.230326 -0.0233526 0)
(-0.234328 -0.0503223 0)
(-0.236297 -0.0781117 0)
(-0.235866 -0.106128 0)
(-0.232653 -0.133612 0)
(-0.226288 -0.159629 0)
(-0.216456 -0.183069 0)
(-0.202952 -0.202675 0)
(-0.185744 -0.2171 0)
(-0.165052 -0.225012 0)
(-0.141415 -0.225237 0)
(-0.115731 -0.216945 0)
(-0.0892558 -0.199838 0)
(-0.0635339 -0.174305 0)
(-0.0402357 -0.141492 0)
(-0.0209409 -0.103232 0)
(-0.00723702 -0.0618369 0)
(-0.000998438 -0.0198969 0)
(-0.000513843 0.0223974 0)
(-0.00326914 0.0601049 0)
(-0.00893638 0.0911904 0)
(-0.0166211 0.116247 0)
(-0.0257773 0.135933 0)
(-0.0360371 0.15092 0)
(-0.0470784 0.161845 0)
(-0.058636 0.169277 0)
(-0.0705049 0.173699 0)
(-0.0825307 0.175497 0)
(-0.0946005 0.174958 0)
(-0.106634 0.172284 0)
(-0.118572 0.167596 0)
(-0.130375 0.160953 0)
(-0.142006 0.152364 0)
(-0.153434 0.141803 0)
(-0.164619 0.129224 0)
(-0.175513 0.114572 0)
(-0.186047 0.0977951 0)
(-0.196132 0.0788567 0)
(-0.205649 0.0577496 0)
(-0.214442 0.034509 0)
(-0.222317 0.00922951 0)
(-0.229028 -0.0179152 0)
(-0.23428 -0.0466492 0)
(-0.237725 -0.07657 0)
(-0.238965 -0.107118 0)
(-0.23756 -0.137548 0)
(-0.233057 -0.166904 0)
(-0.225024 -0.19401 0)
(-0.213108 -0.217474 0)
(-0.197112 -0.235738 0)
(-0.177089 -0.247174 0)
(-0.153439 -0.250244 0)
(-0.126987 -0.243714 0)
(-0.0990186 -0.226913 0)
(-0.0712313 -0.199963 0)
(-0.0455659 -0.163919 0)
(-0.023948 -0.120734 0)
(-0.008371 -0.0730266 0)
(-0.00118135 -0.0238067 0)
(-0.0004951 0.0240557 0)
(-0.00317242 0.064501 0)
(-0.00869555 0.0977866 0)
(-0.0161888 0.124556 0)
(-0.025108 0.145527 0)
(-0.0350799 0.161435 0)
(-0.0457781 0.172985 0)
(-0.0569354 0.180808 0)
(-0.0683479 0.185443 0)
(-0.0798661 0.187322 0)
(-0.0913857 0.186774 0)
(-0.102838 0.184027 0)
(-0.114179 0.179224 0)
(-0.125386 0.172436 0)
(-0.136444 0.163679 0)
(-0.147343 0.152926 0)
(-0.158069 0.140124 0)
(-0.168599 0.125203 0)
(-0.178896 0.108092 0)
(-0.1889 0.0887295 0)
(-0.198523 0.0670756 0)
(-0.207642 0.043126 0)
(-0.216091 0.0169285 0)
(-0.22365 -0.0113965 0)
(-0.230042 -0.0416305 0)
(-0.234925 -0.073432 0)
(-0.237884 -0.106297 0)
(-0.238443 -0.139523 0)
(-0.236076 -0.172168 0)
(-0.230239 -0.203023 0)
(-0.220425 -0.230595 0)
(-0.206249 -0.253132 0)
(-0.187555 -0.268706 0)
(-0.164543 -0.275369 0)
(-0.137897 -0.271404 0)
(-0.108863 -0.255642 0)
(-0.0792512 -0.227799 0)
(-0.0512727 -0.188717 0)
(-0.0272422 -0.140402 0)
(-0.0096412 -0.0857806 0)
(-0.00139313 -0.0283324 0)
(-0.000474704 0.0256581 0)
(-0.00306644 0.0687691 0)
(-0.00842753 0.104198 0)
(-0.0156971 0.132626 0)
(-0.0243277 0.154822 0)
(-0.0339372 0.171589 0)
(-0.0441927 0.183696 0)
(-0.0548244 0.191842 0)
(-0.0656304 0.196625 0)
(-0.0764677 0.198529 0)
(-0.0872422 0.197924 0)
(-0.0978985 0.195071 0)
(-0.108411 0.190138 0)
(-0.118775 0.183211 0)
(-0.128998 0.174313 0)
(-0.139094 0.16342 0)
(-0.149076 0.150473 0)
(-0.158953 0.135391 0)
(-0.168716 0.118088 0)
(-0.178342 0.0984759 0)
(-0.18778 0.0764845 0)
(-0.196944 0.05207 0)
(-0.205707 0.0252322 0)
(-0.213885 -0.00396612 0)
(-0.221233 -0.0353777 0)
(-0.227433 -0.0687313 0)
(-0.232076 -0.103601 0)
(-0.234668 -0.139357 0)
(-0.234632 -0.17511 0)
(-0.231327 -0.209663 0)
(-0.224101 -0.241469 0)
(-0.212365 -0.26862 0)
(-0.195719 -0.288902 0)
(-0.174105 -0.299935 0)
(-0.147978 -0.299441 0)
(-0.118463 -0.28562 0)
(-0.0874123 -0.257609 0)
(-0.0572812 -0.215868 0)
(-0.0308082 -0.162342 0)
(-0.011052 -0.100236 0)
(-0.00163696 -0.033548 0)
(-0.000455319 0.0272029 0)
(-0.00296598 0.0729037 0)
(-0.0081685 0.11041 0)
(-0.0152053 0.140425 0)
(-0.0235164 0.163766 0)
(-0.0327048 0.181299 0)
(-0.0424281 0.193868 0)
(-0.0524138 0.202241 0)
(-0.0624633 0.207081 0)
(-0.0724427 0.208929 0)
(-0.0822709 0.208199 0)
(-0.0919095 0.20519 0)
(-0.101352 0.200094 0)
(-0.110616 0.193017 0)
(-0.119732 0.183992 0)
(-0.128742 0.172999 0)
(-0.137687 0.159976 0)
(-0.146605 0.144836 0)
(-0.155524 0.127475 0)
(-0.164455 0.107787 0)
(-0.173389 0.0856717 0)
(-0.182283 0.0610474 0)
(-0.191053 0.0338663 0)
(-0.199567 0.00413139 0)
(-0.207622 -0.0280825 0)
(-0.214935 -0.0625896 0)
(-0.221132 -0.09906 0)
(-0.225724 -0.136963 0)
(-0.228111 -0.175505 0)
(-0.227584 -0.21355 0)
(-0.223361 -0.249557 0)
(-0.214655 -0.281521 0)
(-0.2008 -0.306985 0)
(-0.181421 -0.323144 0)
(-0.156662 -0.327097 0)
(-0.127416 -0.316283 0)
(-0.0954752 -0.289053 0)
(-0.0634835 -0.245262 0)
(-0.0346176 -0.186613 0)
(-0.0126056 -0.116517 0)
(-0.00191615 -0.0395306 0)
(-0.00044056 0.0286969 0)
(-0.00289098 0.0769197 0)
(-0.00796667 0.116433 0)
(-0.0147919 0.147945 0)
(-0.0227793 0.172322 0)
(-0.0315078 0.1905 0)
(-0.0406221 0.203401 0)
(-0.0498472 0.211872 0)
(-0.058991 0.216648 0)
(-0.0679326 0.218331 0)
(-0.0766088 0.217385 0)
(-0.0850018 0.214147 0)
(-0.0931287 0.208839 0)
(-0.101031 0.201586 0)
(-0.108766 0.192434 0)
(-0.116403 0.181369 0)
(-0.124013 0.16833 0)
(-0.131665 0.153223 0)
(-0.139423 0.135934 0)
(-0.147336 0.116338 0)
(-0.155434 0.094309 0)
(-0.163722 0.0697323 0)
(-0.172167 0.0425143 0)
(-0.180687 0.0125993 0)
(-0.189136 -0.0200077 0)
(-0.197288 -0.0552162 0)
(-0.204815 -0.092805 0)
(-0.211266 -0.132368 0)
(-0.21605 -0.173239 0)
(-0.218424 -0.214403 0)
(-0.217511 -0.25439 0)
(-0.212349 -0.29118 0)
(-0.202 -0.322148 0)
(-0.185737 -0.344103 0)
(-0.163305 -0.3535 0)
(-0.135239 -0.346895 0)
(-0.103139 -0.321632 0)
(-0.0697362 -0.276672 0)
(-0.0386283 -0.213212 0)
(-0.0143014 -0.134732 0)
(-0.00223434 -0.0463586 0)
(-0.000435357 0.0301591 0)
(-0.00286808 0.0808593 0)
(-0.0078857 0.12231 0)
(-0.0145591 0.155212 0)
(-0.0222503 0.180483 0)
(-0.0305031 0.199142 0)
(-0.0389452 0.212203 0)
(-0.0473009 0.220605 0)
(-0.0553897 0.225161 0)
(-0.06311 0.226541 0)
(-0.0704232 0.225263 0)
(-0.0773382 0.221704 0)
(-0.0838996 0.216118 0)
(-0.0901773 0.20865 0)
(-0.0962579 0.19936 0)
(-0.102238 0.188241 0)
(-0.108221 0.175234 0)
(-0.114306 0.160243 0)
(-0.120592 0.143144 0)
(-0.127165 0.123798 0)
(-0.134098 0.102059 0)
(-0.141439 0.0777814 0)
(-0.149207 0.0508325 0)
(-0.157378 0.0211025 0)
(-0.165869 -0.011475 0)
(-0.17452 -0.0469006 0)
(-0.18307 -0.0850685 0)
(-0.191132 -0.125713 0)
(-0.198158 -0.168328 0)
(-0.203416 -0.212068 0)
(-0.205981 -0.255612 0)
(-0.204755 -0.297018 0)
(-0.198554 -0.333597 0)
(-0.186278 -0.36186 0)
(-0.167204 -0.377648 0)
(-0.141378 -0.376546 0)
(-0.110041 -0.354667 0)
(-0.0758577 -0.309728 0)
(-0.0427838 -0.242057 0)
(-0.0161377 -0.154961 0)
(-0.00259574 -0.0541115 0)
(-0.000446566 0.0316242 0)
(-0.00293328 0.0848007 0)
(-0.00800948 0.128127 0)
(-0.0146382 0.162287 0)
(-0.0220983 0.18827 0)
(-0.0298839 0.207196 0)
(-0.0376024 0.220195 0)
(-0.0449821 0.228311 0)
(-0.0518622 0.232452 0)
(-0.0581706 0.233359 0)
(-0.063902 0.231608 0)
(-0.0691 0.227619 0)
(-0.0738431 0.221674 0)
(-0.0782336 0.213941 0)
(-0.0823893 0.204493 0)
(-0.0864375 0.19333 0)
(-0.0905104 0.180396 0)
(-0.0947404 0.165594 0)
(-0.0992573 0.148793 0)
(-0.104183 0.129845 0)
(-0.10963 0.108586 0)
(-0.11569 0.0848468 0)
(-0.122431 0.0584604 0)
(-0.129888 0.0292706 0)
(-0.138042 -0.00285384 0)
(-0.146808 -0.0379992 0)
(-0.156008 -0.0761734 0)
(-0.165338 -0.117257 0)
(-0.174328 -0.160928 0)
(-0.182306 -0.206548 0)
(-0.188353 -0.253018 0)
(-0.191298 -0.298578 0)
(-0.189757 -0.340608 0)
(-0.182277 -0.375458 0)
(-0.167618 -0.398443 0)
(-0.145216 -0.404158 0)
(-0.115755 -0.387283 0)
(-0.0816269 -0.343895 0)
(-0.0470147 -0.272966 0)
(-0.0181127 -0.177255 0)
(-0.00300583 -0.0628696 0)
(-0.000484038 0.0331489 0)
(-0.00313599 0.0888695 0)
(-0.00844938 0.134023 0)
(-0.0151979 0.169282 0)
(-0.0225325 0.195735 0)
(-0.0298809 0.214648 0)
(-0.0368303 0.227297 0)
(-0.0431213 0.234858 0)
(-0.0486267 0.238343 0)
(-0.0533176 0.238574 0)
(-0.0572346 0.236187 0)
(-0.0604661 0.231641 0)
(-0.0631315 0.225248 0)
(-0.0653706 0.217193 0)
(-0.0673351 0.207562 0)
(-0.0691836 0.196362 0)
(-0.0710778 0.183538 0)
(-0.0731797 0.168991 0)
(-0.075649 0.152589 0)
(-0.0786402 0.134174 0)
(-0.0822994 0.11357 0)
(-0.0867601 0.0905904 0)
(-0.0921371 0.0650403 0)
(-0.0985178 0.0367257 0)
(-0.10595 0.00546147 0)
(-0.114426 -0.0289143 0)
(-0.123856 -0.0665146 0)
(-0.134039 -0.107363 0)
(-0.144612 -0.151324 0)
(-0.155005 -0.198002 0)
(-0.16437 -0.246574 0)
(-0.171537 -0.295567 0)
(-0.175 -0.342579 0)
(-0.173003 -0.383982 0)
(-0.163787 -0.414732 0)
(-0.146077 -0.428504 0)
(-0.119793 -0.4184 0)
(-0.0867821 -0.378446 0)
(-0.0512407 -0.305639 0)
(-0.0202289 -0.201624 0)
(-0.00347273 -0.0727158 0)
(-0.0005625 0.0348204 0)
(-0.00354558 0.0932543 0)
(-0.00935457 0.140204 0)
(-0.0164543 0.176355 0)
(-0.0238084 0.202961 0)
(-0.0307625 0.221495 0)
(-0.0368886 0.233429 0)
(-0.0419571 0.2401 0)
(-0.0458945 0.24264 0)
(-0.0487346 0.24196 0)
(-0.0505801 0.238751 0)
(-0.0515762 0.233512 0)
(-0.051892 0.226576 0)
(-0.0517095 0.218143 0)
(-0.051217 0.208305 0)
(-0.0506048 0.197073 0)
(-0.0500629 0.184394 0)
(-0.0497802 0.170168 0)
(-0.049943 0.154258 0)
(-0.0507334 0.136501 0)
(-0.0523282 0.116713 0)
(-0.0548958 0.0946935 0)
(-0.058592 0.0702295 0)
(-0.0635538 0.0430981 0)
(-0.0698902 0.0130722 0)
(-0.0776679 -0.0200707 0)
(-0.0868901 -0.0565331 0)
(-0.0974656 -0.0964667 0)
(-0.109164 -0.139919 0)
(-0.121551 -0.18674 0)
(-0.133912 -0.236427 0)
(-0.145162 -0.287883 0)
(-0.153772 -0.339079 0)
(-0.157778 -0.386623 0)
(-0.154945 -0.425364 0)
(-0.143231 -0.448232 0)
(-0.121596 -0.446725 0)
(-0.0910153 -0.412432 0)
(-0.0553739 -0.339631 0)
(-0.0224994 -0.228037 0)
(-0.00400994 -0.0837408 0)
(-0.000704918 0.0367702 0)
(-0.00426186 0.0982282 0)
(-0.0109267 0.146958 0)
(-0.0186824 0.183722 0)
(-0.0262304 0.210053 0)
(-0.0328241 0.227729 0)
(-0.0380387 0.238484 0)
(-0.0417031 0.243854 0)
(-0.0438279 0.245111 0)
(-0.0445356 0.243252 0)
(-0.0440112 0.239023 0)
(-0.0424707 0.232949 0)
(-0.0401416 0.22538 0)
(-0.0372534 0.216518 0)
(-0.0340324 0.206459 0)
(-0.0307 0.195209 0)
(-0.0274724 0.182716 0)
(-0.0245621 0.168875 0)
(-0.0221777 0.153547 0)
(-0.0205237 0.136565 0)
(-0.019802 0.11774 0)
(-0.0202098 0.0968635 0)
(-0.0219376 0.07371 0)
(-0.0251658 0.0480387 0)
(-0.0300575 0.0195941 0)
(-0.0367492 -0.0118909 0)
(-0.0453333 -0.0466871 0)
(-0.0558318 -0.0850518 0)
(-0.0681545 -0.127193 0)
(-0.0820356 -0.173196 0)
(-0.0969429 -0.222893 0)
(-0.111959 -0.275626 0)
(-0.125648 -0.329876 0)
(-0.135967 -0.382728 0)
(-0.140314 -0.429235 0)
(-0.135886 -0.461902 0)
(-0.12052 -0.470752 0)
(-0.0939591 -0.44465 0)
(-0.0593197 -0.374321 0)
(-0.0249596 -0.256414 0)
(-0.00464167 -0.0960534 0)
(-0.00094861 0.0391957 0)
(-0.00543184 0.104179 0)
(-0.0134393 0.154667 0)
(-0.0222257 0.191644 0)
(-0.030143 0.217113 0)
(-0.0363599 0.233302 0)
(-0.0404948 0.242296 0)
(-0.0424828 0.245874 0)
(-0.0424617 0.24546 0)
(-0.0406765 0.242133 0)
(-0.0374182 0.236679 0)
(-0.0329884 0.229638 0)
(-0.0276817 0.221357 0)
(-0.0217782 0.212034 0)
(-0.015543 0.201754 0)
(-0.00922654 0.190516 0)
(-0.00306676 0.17826 0)
(0.0027037 0.164877 0)
(0.0078593 0.150224 0)
(0.0121794 0.134131 0)
(0.0154427 0.116406 0)
(0.0174295 0.0968378 0)
(0.0179216 0.0751964 0)
(0.0167029 0.0512319 0)
(0.0135633 0.0246736 0)
(0.00830503 -0.00477185 0)
(0.000753749 -0.0374208 0)
(-0.0092209 -0.0736072 0)
(-0.0216705 -0.113666 0)
(-0.0365106 -0.157889 0)
(-0.0534287 -0.206425 0)
(-0.0717474 -0.259082 0)
(-0.090244 -0.314959 0)
(-0.106957 -0.371841 0)
(-0.119081 -0.425354 0)
(-0.123155 -0.468028 0)
(-0.115799 -0.488759 0)
(-0.0951537 -0.473595 0)
(-0.0629704 -0.408856 0)
(-0.0276842 -0.286624 0)
(-0.00541297 -0.109803 0)
(-0.00135656 0.0423957 0)
(-0.0072764 0.111645 0)
(-0.0172615 0.163815 0)
(-0.0274957 0.200404 0)
(-0.0358948 0.224194 0)
(-0.0415901 0.238073 0)
(-0.0443206 0.244587 0)
(-0.0442018 0.245801 0)
(-0.0415578 0.243288 0)
(-0.0367976 0.238197 0)
(-0.0303434 0.231327 0)
(-0.0225968 0.223209 0)
(-0.0139255 0.214169 0)
(-0.00466094 0.204381 0)
(0.0048954 0.193909 0)
(0.0144684 0.182737 0)
(0.0238029 0.17079 0)
(0.032654 0.157951 0)
(0.0407855 0.144074 0)
(0.0479653 0.128986 0)
(0.0539601 0.112496 0)
(0.0585349 0.0943915 0)
(0.0614504 0.0744457 0)
(0.0624626 0.052409 0)
(0.0613231 0.0280081 0)
(0.0577818 0.000940351 0)
(0.0515932 -0.0291324 0)
(0.0425296 -0.0625894 0)
(0.0304055 -0.0998526 0)
(0.015125 -0.141372 0)
(-0.00323708 -0.18757 0)
(-0.0242967 -0.238702 0)
(-0.0471506 -0.294532 0)
(-0.0700958 -0.353736 0)
(-0.0903521 -0.412892 0)
(-0.103997 -0.465125 0)
(-0.106469 -0.498807 0)
(-0.0939787 -0.497392 0)
(-0.0661774 -0.442068 0)
(-0.0308104 -0.318462 0)
(-0.00640829 -0.125216 0)
(-0.00203866 0.0468304 0)
(-0.010132 0.121368 0)
(-0.0228784 0.174973 0)
(-0.0349367 0.210234 0)
(-0.0437377 0.231203 0)
(-0.0485002 0.241708 0)
(-0.0492213 0.244877 0)
(-0.0463067 0.243084 0)
(-0.0403431 0.238034 0)
(-0.0319491 0.230904 0)
(-0.0217027 0.22247 0)
(-0.0101147 0.213216 0)
(0.00237383 0.203421 0)
(0.0153838 0.193215 0)
(0.0285856 0.182626 0)
(0.0416875 0.171611 0)
(0.054425 0.160077 0)
(0.0665494 0.147896 0)
(0.0778217 0.134915 0)
(0.0880064 0.120959 0)
(0.0968657 0.10584 0)
(0.104156 0.0893524 0)
(0.109625 0.0712757 0)
(0.113009 0.0513692 0)
(0.11403 0.0293687 0)
(0.112395 0.00497815 0)
(0.107802 -0.0221406 0)
(0.0999384 -0.0523812 0)
(0.088503 -0.0862096 0)
(0.0732328 -0.124177 0)
(0.0539684 -0.166911 0)
(0.0307748 -0.215048 0)
(0.00415336 -0.269004 0)
(-0.0246228 -0.328445 0)
(-0.0530707 -0.391244 0)
(-0.0771276 -0.45177 0)
(-0.0912472 -0.498747 0)
(-0.08952 -0.513707 0)
(-0.0686716 -0.472331 0)
(-0.0345588 -0.351599 0)
(-0.00778296 -0.142672 0)
(-0.00319144 0.0532241 0)
(-0.0145131 0.134332 0)
(-0.0308861 0.188725 0)
(-0.0449024 0.221169 0)
(-0.0535827 0.237727 0)
(-0.0565014 0.243515 0)
(-0.054139 0.242345 0)
(-0.0473429 0.236882 0)
(-0.0370506 0.228901 0)
(-0.0241333 0.219537 0)
(-0.0093384 0.209481 0)
(0.00671649 0.199127 0)
(0.0235277 0.188668 0)
(0.0406832 0.178169 0)
(0.0578398 0.167606 0)
(0.0747039 0.156898 0)
(0.0910149 0.145929 0)
(0.106532 0.134556 0)
(0.121025 0.122618 0)
(0.134263 0.109944 0)
(0.146015 0.0963477 0)
(0.156035 0.0816352 0)
(0.164068 0.0655986 0)
(0.169838 0.0480139 0)
(0.173047 0.0286357 0)
(0.173373 0.00718839 0)
(0.170469 -0.0166471 0)
(0.163959 -0.0432509 0)
(0.153445 -0.073092 0)
(0.138523 -0.106762 0)
(0.118822 -0.145012 0)
(0.094094 -0.188753 0)
(0.0643954 -0.238956 0)
(0.0304265 -0.296277 0)
(-0.00591897 -0.360105 0)
(-0.0408735 -0.426698 0)
(-0.0683345 -0.486251 0)
(-0.0803308 -0.519626 0)
(-0.0698787 -0.497311 0)
(-0.039221 -0.38544 0)
(-0.00980859 -0.162803 0)
(-0.00517043 0.0627417 0)
(-0.0211915 0.151772 0)
(-0.0418887 0.20545 0)
(-0.0573069 0.232719 0)
(-0.0644437 0.242711 0)
(-0.0637385 0.24218 0)
(-0.0564922 0.235637 0)
(-0.0441767 0.225932 0)
(-0.0281604 0.214781 0)
(-0.00958549 0.203163 0)
(0.0106457 0.191602 0)
(0.031837 0.18034 0)
(0.0534545 0.169448 0)
(0.0750845 0.158899 0)
(0.096398 0.148603 0)
(0.117123 0.138434 0)
(0.137025 0.128248 0)
(0.155887 0.117885 0)
(0.173501 0.107183 0)
(0.189658 0.0959687 0)
(0.204139 0.0840687 0)
(0.216711 0.0713018 0)
(0.227122 0.0574793 0)
(0.235097 0.0424008 0)
(0.24033 0.0258484 0)
(0.242482 0.00757823 0)
(0.241177 -0.0126943 0)
(0.235996 -0.0353125 0)
(0.226471 -0.0607128 0)
(0.21209 -0.0894721 0)
(0.192312 -0.122373 0)
(0.166609 -0.160473 0)
(0.134598 -0.205134 0)
(0.0963211 -0.257853 0)
(0.052814 -0.319581 0)
(0.00702027 -0.388966 0)
(-0.0351066 -0.458921 0)
(-0.0640145 -0.511549 0)
(-0.0685173 -0.513593 0)
(-0.045017 -0.418781 0)
(-0.0129089 -0.186606 0)
(-0.00860141 0.077272 0)
(-0.0312362 0.175028 0)
(-0.0560846 0.224801 0)
(-0.0707251 0.243275 0)
(-0.073222 0.243952 0)
(-0.0657388 0.235403 0)
(-0.0508202 0.222646 0)
(-0.0307184 0.208451 0)
(-0.00724627 0.194244 0)
(0.0182368 0.180688 0)
(0.0447498 0.168031 0)
(0.0715952 0.156301 0)
(0.098277 0.14541 0)
(0.124437 0.135218 0)
(0.149806 0.125561 0)
(0.174172 0.116267 0)
(0.197353 0.107162 0)
(0.219182 0.0980769 0)
(0.23949 0.088846 0)
(0.258105 0.0793062 0)
(0.274837 0.0692966 0)
(0.289476 0.0586562 0)
(0.301787 0.0472208 0)
(0.311505 0.0348198 0)
(0.318331 0.0212704 0)
(0.321924 0.00636932 0)
(0.321898 -0.0101233 0)
(0.317815 -0.0284949 0)
(0.309168 -0.0491213 0)
(0.295375 -0.0725174 0)
(0.275775 -0.0994159 0)
(0.249623 -0.130883 0)
(0.216151 -0.168451 0)
(0.174737 -0.214183 0)
(0.125373 -0.270372 0)
(0.0696373 -0.33825 0)
(0.0123352 -0.414594 0)
(-0.0365168 -0.485214 0)
(-0.0617657 -0.516178 0)
(-0.051553 -0.449082 0)
(-0.0175646 -0.215442 0)
(-0.0144456 0.0998743 0)
(-0.0456866 0.204899 0)
(-0.0718689 0.244535 0)
(-0.0801551 0.24905 0)
(-0.072154 0.237383 0)
(-0.0529257 0.219543 0)
(-0.0265682 0.200438 0)
(0.0039375 0.182245 0)
(0.0365185 0.165762 0)
(0.0698077 0.151134 0)
(0.102933 0.13823 0)
(0.135348 0.126809 0)
(0.16671 0.116609 0)
(0.196805 0.107375 0)
(0.225489 0.0988727 0)
(0.252655 0.0908923 0)
(0.278212 0.0832435 0)
(0.302065 0.075754 0)
(0.324111 0.0682656 0)
(0.344226 0.0606307 0)
(0.362264 0.0527094 0)
(0.378051 0.0443664 0)
(0.391382 0.0354682 0)
(0.402017 0.0258789 0)
(0.409678 0.0154563 0)
(0.414037 0.0040446 0)
(0.414724 -0.00854469 0)
(0.411306 -0.0225307 0)
(0.403269 -0.0382103 0)
(0.390009 -0.0560008 0)
(0.370802 -0.0765189 0)
(0.34477 -0.100711 0)
(0.310856 -0.130048 0)
(0.267865 -0.166771 0)
(0.214707 -0.214019 0)
(0.151166 -0.275291 0)
(0.079756 -0.351881 0)
(0.00902115 -0.435989 0)
(-0.0436301 -0.49793 0)
(-0.0563551 -0.471267 0)
(-0.0237342 -0.251112 0)
(-0.023551 0.135785 0)
(-0.0636023 0.239445 0)
(-0.0814323 0.257567 0)
(-0.0716513 0.241997 0)
(-0.0438092 0.216081 0)
(-0.00653319 0.189423 0)
(0.0349711 0.165532 0)
(0.0776293 0.145236 0)
(0.119693 0.128319 0)
(0.160246 0.114256 0)
(0.198854 0.102492 0)
(0.235347 0.0925311 0)
(0.269692 0.0839616 0)
(0.301916 0.0764481 0)
(0.332067 0.0697184 0)
(0.360189 0.0635502 0)
(0.386308 0.0577582 0)
(0.410425 0.0521854 0)
(0.43251 0.0466953 0)
(0.452502 0.0411668 0)
(0.470309 0.0354895 0)
(0.4858 0.0295608 0)
(0.498812 0.0232823 0)
(0.509143 0.0165567 0)
(0.516551 0.00928339 0)
(0.520738 0.00135206 0)
(0.521374 -0.00734885 0)
(0.518062 -0.0169836 0)
(0.510319 -0.0277606 0)
(0.497567 -0.0399766 0)
(0.479087 -0.0540859 0)
(0.453963 -0.070816 0)
(0.420991 -0.0913655 0)
(0.378583 -0.11773 0)
(0.324734 -0.15315 0)
(0.257319 -0.202427 0)
(0.175561 -0.270954 0)
(0.0839541 -0.359378 0)
(-0.00210942 -0.448997 0)
(-0.0519156 -0.475675 0)
(-0.0290684 -0.296029 0)
(-0.0334187 0.193151 0)
(-0.0741101 0.267746 0)
(-0.0580532 0.246007 0)
(-0.0105903 0.20707 0)
(0.0473933 0.170051 0)
(0.106677 0.139379 0)
(0.163422 0.115376 0)
(0.216087 0.0969357 0)
(0.264303 0.0827328 0)
(0.308253 0.0716563 0)
(0.348315 0.0628657 0)
(0.384901 0.055743 0)
(0.418394 0.0498366 0)
(0.449115 0.0448152 0)
(0.477323 0.0404324 0)
(0.503217 0.0365009 0)
(0.526936 0.0328746 0)
(0.548568 0.0294364 0)
(0.568152 0.0260893 0)
(0.585686 0.022751 0)
(0.601125 0.0193495 0)
(0.614388 0.0158202 0)
(0.625353 0.012103 0)
(0.633865 0.00814041 0)
(0.639728 0.00387432 0)
(0.642714 -0.000759987 0)
(0.642543 -0.00581765 0)
(0.63887 -0.0113961 0)
(0.631298 -0.0176156 0)
(0.619333 -0.0246503 0)
(0.602341 -0.0327742 0)
(0.579479 -0.0424408 0)
(0.549573 -0.0544304 0)
(0.51092 -0.0701317 0)
(0.461005 -0.0920652 0)
(0.396209 -0.124748 0)
(0.312218 -0.175565 0)
(0.206788 -0.2533 0)
(0.0856046 -0.357157 0)
(-0.019665 -0.443375 0)
(-0.0232933 -0.34507 0)
(-0.0137633 0.256938 0)
(-0.020273 0.25609 0)
(0.0758056 0.184954 0)
(0.177607 0.132943 0)
(0.264044 0.0973628 0)
(0.336457 0.0727112 0)
(0.397409 0.0557935 0)
(0.44893 0.0441597 0)
(0.492882 0.0359964 0)
(0.530844 0.0301007 0)
(0.564043 0.0257063 0)
(0.59339 0.0223213 0)
(0.619565 0.0196246 0)
(0.643069 0.017402 0)
(0.664268 0.015507 0)
(0.683425 0.0138362 0)
(0.700727 0.0123137 0)
(0.716293 0.0108817 0)
(0.730192 0.00949485 0)
(0.742449 0.00811581 0)
(0.753051 0.00671323 0)
(0.761953 0.00525979 0)
(0.769078 0.00373094 0)
(0.77432 0.00210377 0)
(0.77754 0.00035679 0)
(0.778586 -0.00152504 0)
(0.777259 -0.00358205 0)
(0.773318 -0.00584217 0)
(0.766485 -0.00835116 0)
(0.756408 -0.0111802 0)
(0.742627 -0.0144438 0)
(0.724512 -0.0183364 0)
(0.701144 -0.0232031 0)
(0.671101 -0.0296892 0)
(0.632053 -0.0390702 0)
(0.580045 -0.054006 0)
(0.508575 -0.0801895 0)
(0.407927 -0.129092 0)
(0.264445 -0.217113 0)
(0.0916157 -0.338249 0)
(0.0361136 -0.345482 0)
(0.276351 0.144914 0)
(0.354063 0.12352 0)
(0.504013 0.0767681 0)
(0.614459 0.0474038 0)
(0.684009 0.0300875 0)
(0.731214 0.019585 0)
(0.765783 0.0132269 0)
(0.79216 0.00938225 0)
(0.812993 0.00700914 0)
(0.83001 0.00548819 0)
(0.844309 0.00446698 0)
(0.856585 0.00374503 0)
(0.867292 0.00320631 0)
(0.876733 0.00278216 0)
(0.885114 0.00243068 0)
(0.892575 0.00212522 0)
(0.89921 0.00184795 0)
(0.905076 0.00158629 0)
(0.910206 0.00133091 0)
(0.91461 0.00107453 0)
(0.918283 0.000811259 0)
(0.921201 0.000536141 0)
(0.923331 0.00024481 0)
(0.924626 -6.68232e-05 0)
(0.925032 -0.00040241 0)
(0.924477 -0.000757332 0)
(0.922877 -0.00114746 0)
(0.920138 -0.00157585 0)
(0.916147 -0.00204941 0)
(0.910759 -0.00258162 0)
(0.903781 -0.00319518 0)
(0.894945 -0.00392964 0)
(0.883845 -0.0048572 0)
(0.869821 -0.00611762 0)
(0.851712 -0.00800425 0)
(0.827278 -0.0111937 0)
(0.791886 -0.0173816 0)
(0.735424 -0.0310129 0)
(0.630415 -0.0624807 0)
(0.445924 -0.124308 0)
(0.319059 -0.158314 0)
)
;

boundaryField
{
    movingWall
    {
        type            fixedValue;
        value           uniform (1 0 0);
    }
    fixedWalls
    {
        type            fixedValue;
        value           uniform (0 0 0);
    }
    frontAndBack
    {
        type            empty;
    }
}


// ************************************************************************* //
