/*--------------------------------*- C++ -*----------------------------------*\
| =========                 |                                                 |
| \\      /  F ield         | OpenFOAM: The Open Source CFD Toolbox           |
|  \\    /   O peration     | Version:  2.1.1                                 |
|   \\  /    A nd           | Web:      www.OpenFOAM.org                      |
|    \\/     M anipulation  |                                                 |
\*---------------------------------------------------------------------------*/
FoamFile
{
    version     2.0;
    format      ascii;
    class       volScalarField;
    location    "1";
    object      p;
}
// * * * * * * * * * * * * * * * * * * * * * * * * * * * * * * * * * * * * * //

dimensions      [0 2 -2 0 0 0 0];

internalField   nonuniform List<scalar> 
6561
(
2.22189e-08
-2.1205e-06
-6.41361e-05
-0.000183478
-0.000345801
-0.000538134
-0.000749105
-0.000969045
-0.00118999
-0.0014056
-0.00161082
-0.00180176
-0.00197538
-0.0021294
-0.00226211
-0.00237226
-0.00245895
-0.00252154
-0.0025596
-0.00257281
-0.00256099
-0.002524
-0.00246178
-0.0023743
-0.00226158
-0.00212366
-0.00196067
-0.00177278
-0.00156026
-0.00132349
-0.00106295
-0.000779301
-0.000473339
-0.000146064
0.000201325
0.000567411
0.000950544
0.00134883
0.00176015
0.00218212
0.00261213
0.00304734
0.00348472
0.00392103
0.00435291
0.00477684
0.00518926
0.00558654
0.00596511
0.00632142
0.00665208
0.00695388
0.00722384
0.00745928
0.00765787
0.00781771
0.00793733
0.00801576
0.00805255
0.00804785
0.00800233
0.0079173
0.00779463
0.0076368
0.00744686
0.00722841
0.00698561
0.00672309
0.00644601
0.00615997
0.00587085
0.00558526
0.00530986
0.00505179
0.00481846
0.00461744
0.00445618
0.00434128
0.00427752
0.00426648
0.00429558
2.14516e-06
-4.10807e-09
-5.48512e-05
-0.00015619
-0.000292279
-0.000453934
-0.000632457
-0.000820113
-0.00101017
-0.00119701
-0.00137605
-0.00154357
-0.00169664
-0.00183294
-0.00195068
-0.00204851
-0.0021254
-0.00218057
-0.00221346
-0.00222367
-0.00221088
-0.00217491
-0.0021156
-0.00203288
-0.00192674
-0.00179719
-0.00164435
-0.00146839
-0.00126957
-0.00104826
-0.000804942
-0.000540245
-0.000254955
4.99714e-05
0.000373389
0.000713952
0.0010701
0.00144006
0.00182184
0.00221321
0.00261177
0.00301486
0.0034197
0.00382329
0.00422253
0.00461422
0.00499506
0.00536178
0.00571107
0.00603975
0.00634472
0.00662308
0.00687214
0.0070895
0.00727309
0.00742122
0.00753261
0.00760645
0.0076424
0.00764065
0.00760191
0.00752744
0.00741903
0.00727902
0.00711026
0.00691611
0.0067004
0.00646742
0.00622187
0.00596886
0.00571378
0.00546241
0.00522071
0.00499485
0.00479105
0.0046155
0.00447395
0.00437107
0.00431011
0.00429532
0.0043246
6.43316e-05
5.47173e-05
-5.43861e-07
-9.43291e-05
-0.000216836
-0.000360772
-0.000519262
-0.000685894
-0.000854978
-0.00102164
-0.00118178
-0.00133203
-0.00146963
-0.00159238
-0.00169853
-0.00178671
-0.00185587
-0.00190518
-0.00193403
-0.00194194
-0.00192857
-0.00189365
-0.001837
-0.00175851
-0.00165812
-0.00153584
-0.00139175
-0.00122599
-0.00103882
-0.000830572
-0.000601713
-0.000352839
-8.46928e-05
0.000201817
0.000505606
0.0008254
0.00115973
0.00150692
0.0018651
0.00223218
0.00260588
0.00298375
0.00336314
0.00374128
0.00411527
0.00448209
0.00483871
0.00518203
0.00550901
0.00581668
0.00610216
0.00636277
0.00659602
0.00679971
0.00697193
0.00711114
0.0072162
0.00728637
0.0073214
0.00732152
0.00728744
0.00722038
0.00712205
0.0069947
0.006841
0.00666413
0.00646767
0.00625564
0.00603238
0.0058026
0.00557125
0.00534355
0.00512485
0.0049206
0.00473624
0.00457703
0.00444787
0.00435265
0.0042944
0.00428014
0.00431404
0.000184887
0.000156445
9.22471e-05
-2.47037e-06
-0.000120664
-0.000256257
-0.000403539
-0.000557189
-0.00071243
-0.000865095
-0.00101162
-0.00114903
-0.00127485
-0.00138707
-0.00148407
-0.00156457
-0.00162753
-0.00167216
-0.00169784
-0.00170408
-0.0016905
-0.00165682
-0.00160283
-0.00152838
-0.00143338
-0.00131782
-0.00118173
-0.00102525
-0.000848579
-0.000652024
-0.000436009
-0.000201082
5.20642e-05
0.000322582
0.000609455
0.000911487
0.0012273
0.00155531
0.00189374
0.00224065
0.00259387
0.00295108
0.00330979
0.00366736
0.00402105
0.00436803
0.00470539
0.00503023
0.00533966
0.00563086
0.00590112
0.0061479
0.00636885
0.0065619
0.00672525
0.00685745
0.00695744
0.00702457
0.0070586
0.00705977
0.0070288
0.00696687
0.00687563
0.00675722
0.0066142
0.00644959
0.00626677
0.00606952
0.00586191
0.00564831
0.00543332
0.0052217
0.00501834
0.00482813
0.00465593
0.00450646
0.00438412
0.0042925
0.00423481
0.0042192
0.00425197
0.000350538
0.000294142
0.000214316
0.000112919
-6.63347e-06
-0.000139343
-0.000280471
-0.00042571
-0.00057115
-0.00071332
-0.00084922
-0.000976299
-0.00109242
-0.00119583
-0.00128509
-0.00135903
-0.00141673
-0.00145743
-0.00148054
-0.00148558
-0.00147219
-0.00144006
-0.00138896
-0.00131872
-0.00122922
-0.00112041
-0.000992307
-0.000844982
-0.000678604
-0.000493432
-0.000289836
-6.83066e-05
0.000170528
0.000425891
0.000696841
0.000982269
0.00128088
0.0015912
0.00191156
0.00224012
0.00257483
0.00291349
0.00325375
0.00359309
0.00392891
0.00425849
0.00457909
0.00488791
0.0051822
0.00545927
0.00571651
0.0059515
0.00616198
0.00634598
0.00650177
0.00662797
0.00672358
0.00678796
0.00682092
0.00682269
0.00679397
0.00673589
0.00665007
0.00653853
0.00640374
0.00624856
0.00607622
0.00589027
0.00569455
0.00549313
0.00529028
0.0050904
0.00489795
0.00471737
0.00455305
0.00440924
0.00428993
0.00419851
0.00413819
0.0041167
0.00414018
0.000549258
0.000459236
0.000358749
0.000246065
0.000120532
-1.38142e-05
-0.00015307
-0.00029386
-0.000433083
-0.000567944
-0.000696
-0.000815153
-0.000923635
-0.00101997
-0.00110294
-0.00117154
-0.00122498
-0.00126258
-0.00128381
-0.00128824
-0.00127549
-0.00124527
-0.00119735
-0.00113152
-0.00104765
-0.00094565
-0.000825482
-0.000687185
-0.00053087
-0.000356741
-0.000165104
4.36183e-05
0.00026887
0.000509953
0.000766012
0.00103602
0.00131879
0.00161294
0.0019169
0.00222892
0.00254709
0.00286932
0.00319333
0.00351676
0.00383709
0.00415171
0.00445799
0.00475322
0.00503476
0.00529998
0.00554638
0.00577159
0.00597343
0.00614997
0.00629954
0.0064208
0.00651275
0.00657478
0.00660669
0.00660872
0.00658151
0.00652618
0.00644426
0.00633772
0.00620892
0.00606058
0.00589579
0.00571792
0.0055306
0.00533765
0.00514306
0.00495091
0.00476529
0.00459028
0.00442986
0.00428789
0.00416799
0.00407334
0.00400702
0.00397534
0.00398303
0.000770295
0.000643261
0.00051877
0.000391263
0.000256029
0.0001163
-2.47253e-05
-0.000164512
-0.000300711
-0.000431165
-0.000553971
-0.000667491
-0.000770332
-0.000861322
-0.000939492
-0.00100404
-0.00105429
-0.00108971
-0.00110984
-0.00111427
-0.0011027
-0.00107482
-0.0010304
-0.00096923
-0.000891136
-0.000795993
-0.000683724
-0.000554312
-0.000407811
-0.000244357
-6.41871e-05
0.000132353
0.000344788
0.000572507
0.000814743
0.00107057
0.00133888
0.00161839
0.00190765
0.002205
0.00250862
0.00281652
0.00312653
0.00343635
0.00374357
0.00404567
0.00434007
0.00462415
0.00489532
0.00515101
0.00538875
0.00560623
0.0058013
0.00597203
0.00611679
0.00623421
0.00632333
0.0063835
0.00641452
0.00641658
0.00639032
0.00633678
0.00625745
0.00615421
0.00602933
0.00588545
0.0057255
0.00555272
0.00537054
0.0051826
0.00499263
0.00480444
0.00462184
0.0044486
0.00428837
0.00414464
0.00402072
0.00391958
0.00384412
0.00379866
0.00378595
0.00100418
0.00083846
0.000687747
0.00054286
0.000395125
0.000247106
0.000101412
-4.01848e-05
-0.000176024
-0.000304544
-0.000424366
-0.000534296
-0.00063332
-0.000720585
-0.000795376
-0.000857101
-0.000905259
-0.000939429
-0.000959246
-0.000964386
-0.000954561
-0.000929506
-0.000888977
-0.000832753
-0.000760638
-0.000672466
-0.000568112
-0.0004475
-0.000310619
-0.000157535
1.15959e-05
0.00019651
0.000396821
0.000612009
0.000841401
0.00108416
0.0013393
0.00160561
0.00188174
0.00216613
0.00245705
0.00275258
0.00305066
0.00334905
0.0036454
0.00393725
0.00422208
0.0044973
0.00476036
0.00500871
0.00523991
0.00545164
0.00564175
0.0058083
0.00594965
0.00606441
0.00615158
0.0062105
0.00624091
0.00624298
0.00621727
0.0061648
0.00608699
0.00598564
0.00586296
0.00572147
0.00556401
0.00539369
0.00521379
0.00502778
0.0048392
0.00465164
0.00446868
0.00429381
0.00413042
0.0039817
0.00385068
0.00374014
0.00365278
0.00359072
0.00355449
0.00124266
0.00103763
0.000859397
0.000695382
0.000533118
0.000374617
0.000221993
7.63328e-05
-6.13342e-05
-0.000190004
-0.000308788
-0.000416928
-0.00051378
-0.000598807
-0.000671559
-0.000731659
-0.000778784
-0.000812646
-0.000832983
-0.000839548
-0.000832097
-0.000810392
-0.000774194
-0.00072327
-0.000657395
-0.000576364
-0.00048
-0.000368165
-0.000240776
-9.78211e-05
6.0628e-05
0.000234397
0.000423195
0.000626597
0.00084403
0.00107476
0.00131788
0.00157231
0.00183676
0.00210978
0.00238971
0.00267471
0.00296279
0.00325176
0.00353934
0.00382309
0.00410053
0.00436908
0.0046262
0.00486934
0.00509603
0.00530394
0.00549089
0.00565491
0.00579429
0.00590763
0.00599384
0.00605223
0.00608248
0.00608469
0.00605939
0.00600751
0.0059304
0.00582983
0.0057079
0.00556707
0.00541009
0.00523994
0.00505982
0.00487304
0.004683
0.00449311
0.00430676
0.00412724
0.00395771
0.00380114
0.00366027
0.00353779
0.00343621
0.00335537
0.0032936
0.00147857
0.00123425
0.00102787
0.000843607
0.000665394
0.000494797
0.000333509
0.000182002
4.07265e-05
-8.98299e-05
-0.000209244
-0.000317169
-0.000413323
-0.000497477
-0.000569445
-0.000629068
-0.000676198
-0.000710692
-0.000732394
-0.000741134
-0.00073672
-0.000718941
-0.000687564
-0.000642344
-0.000583027
-0.000509367
-0.000421128
-0.000318107
-0.000200146
-6.71479e-05
8.09058e-05
0.000243937
0.000421752
0.000614029
0.000820297
0.00103992
0.0012721
0.00151584
0.00176996
0.00203308
0.00230362
0.00257981
0.00285971
0.00314119
0.00342198
0.00369969
0.00397182
0.00423581
0.00448909
0.00472908
0.00495329
0.00515932
0.00534494
0.0055081
0.00564705
0.00576028
0.00584666
0.00590539
0.00593609
0.0059388
0.00591394
0.0058624
0.00578546
0.00568481
0.00556249
0.00542089
0.00526267
0.00509075
0.00490822
0.0047183
0.00452427
0.00432942
0.00413698
0.00395011
0.00377179
0.00360479
0.00345167
0.00331503
0.00319728
0.00309604
0.00300748
0.0017056
0.00142244
0.00118772
0.000982569
0.000787474
0.000603633
0.000432387
0.00027365
0.000127337
-6.54073e-06
-0.000127997
-0.000237077
-0.000333843
-0.000418367
-0.00049072
-0.000550955
-0.000599104
-0.000635161
-0.000659081
-0.000670769
-0.000670088
-0.000656852
-0.000630835
-0.000591777
-0.000539395
-0.000473394
-0.00039348
-0.00029938
-0.000190853
-6.77132e-05
7.01536e-05
0.00022277
0.000390048
0.00057177
0.000767573
0.000976928
0.00119913
0.00143329
0.0016783
0.00193288
0.00219551
0.0024645
0.00273793
0.00301372
0.00328963
0.00356326
0.00383211
0.0040936
0.00434511
0.00458401
0.00480775
0.00501386
0.00520001
0.00536408
0.0055042
0.00561878
0.00570657
0.00576669
0.00579866
0.0058024
0.00577828
0.00572709
0.00565003
0.00554872
0.00542515
0.00528163
0.00512077
0.00494542
0.0047586
0.00456347
0.00436322
0.00416106
0.00396014
0.00376349
0.00357399
0.00339429
0.00322678
0.00307407
0.00293853
0.00281563
0.0026995
0.00191808
0.00159679
0.00133388
0.00110756
0.000895026
0.000697171
0.000515034
0.000348016
0.000195541
5.71722e-05
-6.75127e-05
-0.000178929
-0.000277468
-0.000363489
-0.000437309
-0.00049919
-0.000549335
-0.000587874
-0.000614867
-0.000630297
-0.000634075
-0.000626039
-0.000605969
-0.000573586
-0.000528574
-0.000470586
-0.000399268
-0.000314267
-0.000215257
-0.000101959
2.58431e-05
0.000168279
0.000325369
0.000497008
0.000682941
0.00088275
0.00109583
0.00132139
0.00155842
0.00180571
0.00206182
0.00232509
0.00259368
0.00286551
0.00313835
0.0034098
0.00367733
0.00393833
0.00419011
0.00442998
0.00465529
0.00486347
0.0050521
0.00521892
0.00536195
0.00547947
0.0055701
0.00563284
0.00566708
0.00567264
0.00564978
0.00559919
0.005522
0.00541974
0.00529433
0.00514803
0.0049834
0.00480325
0.00461055
0.00440841
0.0042
0.00398846
0.00377691
0.00356831
0.0033655
0.00317103
0.00298723
0.00281677
0.00266205
0.00251649
0.0023723
0.00211088
0.00175234
0.00146161
0.0012141
0.000983868
0.00077153
0.000577863
0.000401791
0.000242282
9.84808e-05
-3.04211e-05
-0.000145188
-0.000246524
-0.000335062
-0.000411352
-0.000475856
-0.000528939
-0.000570864
-0.00060179
-0.00062177
-0.000630762
-0.000628624
-0.000615134
-0.000589996
-0.000552851
-0.000503301
-0.000440921
-0.000365278
-0.000275955
-0.000172572
-5.48062e-05
7.75833e-05
0.000224732
0.000386651
0.0005632
0.000754073
0.000958774
0.00117661
0.00140666
0.00164779
0.00189864
0.0021576
0.00242285
0.00269236
0.00296387
0.00323498
0.00350312
0.00376561
0.00401971
0.00426262
0.00449158
0.00470391
0.00489704
0.00506858
0.00521639
0.0053386
0.00543367
0.00550047
0.00553822
0.00554662
0.0055258
0.00547634
0.00539926
0.00529603
0.00516848
0.00501883
0.00484959
0.00466354
0.00446363
0.00425296
0.00403468
0.00381194
0.00358784
0.00336535
0.00314729
0.00293621
0.00273441
0.00254468
0.00236955
0.00220047
0.00202781
0.00227928
0.00188446
0.00156645
0.00129794
0.00104997
0.000822916
0.000617315
0.000431645
0.000264443
0.000114458
-1.94807e-05
-0.000138469
-0.000243506
-0.000335482
-0.000415172
-0.000483224
-0.000540158
-0.000586359
-0.000622077
-0.000647434
-0.000662422
-0.000666919
-0.000660695
-0.000643427
-0.000614716
-0.000574101
-0.000521082
-0.000455143
-0.000375768
-0.000282472
-0.000174818
-5.24497e-05
8.48913e-05
0.000237336
0.000404865
0.000587289
0.000784225
0.000995079
0.00121903
0.00145503
0.00170177
0.0019577
0.00222105
0.00248977
0.00276163
0.00303418
0.00330481
0.00357078
0.00382924
0.00407729
0.00431205
0.00453068
0.00473045
0.00490881
0.00506343
0.00519227
0.00529361
0.00536612
0.00540887
0.00542139
0.00540365
0.00535612
0.0052797
0.00517575
0.00504606
0.00489276
0.00471834
0.00452556
0.00431738
0.0040969
0.00386729
0.00363174
0.00339338
0.00315524
0.00292018
0.00269079
0.0024694
0.00225901
0.00206233
0.00186894
0.0016674
0.00241884
0.00198881
0.00164417
0.00135501
0.00108944
0.000847628
0.000629878
0.00043425
0.000258868
0.000102109
-3.75429e-05
-0.000161498
-0.000271036
-0.00036729
-0.000451245
-0.000523726
-0.000585395
-0.00063675
-0.000678126
-0.000709701
-0.000731501
-0.000743412
-0.000745191
-0.000736483
-0.00071684
-0.000685736
-0.000642592
-0.000586797
-0.000517734
-0.000434804
-0.000337453
-0.0002252
-9.76591e-05
4.54279e-05
0.000204169
0.000378498
0.000568148
0.000772635
0.000991239
0.00122299
0.00146666
0.00172074
0.00198349
0.0022529
0.00252671
0.00280244
0.00307742
0.00334883
0.00361372
0.00386907
0.00411183
0.00433901
0.00454769
0.00473512
0.00489877
0.00503638
0.00514603
0.00522616
0.00527566
0.00529385
0.00528055
0.00523604
0.00516112
0.00505703
0.00492546
0.00476851
0.00458863
0.00438857
0.0041713
0.00393996
0.00369778
0.00344801
0.00319388
0.00293849
0.00268482
0.00243554
0.00219309
0.00196071
0.00174137
0.00152284
0.00129193
0.00252542
0.0020613
0.00169077
0.00138142
0.00109853
0.000842062
0.0006121
0.000406301
0.000222395
5.84031e-05
-8.75219e-05
-0.000217088
-0.000331839
-0.00043314
-0.000522172
-0.000599924
-0.00066719
-0.000724571
-0.000772478
-0.000811136
-0.000840595
-0.000860744
-0.000871319
-0.00087193
-0.000862068
-0.000841138
-0.000808475
-0.000763368
-0.000705091
-0.000632927
-0.000546195
-0.000444283
-0.000326673
-0.000192968
-4.29284e-05
0.000123511
0.000306207
0.000504793
0.000718653
0.000946907
0.0011884
0.0014417
0.00170508
0.00197654
0.00225382
0.00253441
0.00281558
0.0030944
0.00336781
0.00363265
0.00388571
0.0041238
0.0043438
0.00454273
0.00471783
0.00486659
0.00498683
0.00507677
0.00513505
0.00516078
0.00515355
0.00511349
0.00504122
0.00493787
0.00480502
0.00464472
0.00445937
0.00425174
0.00402482
0.00378181
0.00352603
0.00326084
0.00298958
0.00271549
0.00244171
0.00217105
0.00190612
0.00165046
0.00140735
0.00116278
0.00090184
0.00259507
0.00209802
0.00170244
0.00137345
0.00107363
0.000802718
0.000560599
0.000344534
0.000151874
-1.97057e-05
-0.000172367
-0.000308103
-0.00042871
-0.000535769
-0.000630646
-0.000714482
-0.000788193
-0.000852472
-0.000907795
-0.000954425
-0.000992431
-0.00102169
-0.00104192
-0.00105268
-0.00105339
-0.00104339
-0.00102192
-0.00098816
-0.000941266
-0.000880397
-0.000804739
-0.000713541
-0.000606141
-0.000482001
-0.000340736
-0.000182143
-6.23088e-06
0.000186758
0.000396322
0.000621681
0.000861763
0.00111519
0.0013803
0.00165509
0.00193729
0.00222437
0.00251351
0.0028017
0.00308575
0.00336235
0.00362809
0.00387958
0.00411346
0.00432651
0.00451569
0.00467821
0.00481161
0.00491384
0.00498325
0.0050187
0.00501954
0.00498569
0.00491757
0.00481617
0.00468296
0.00451992
0.00432941
0.0041142
0.00387733
0.00362208
0.00335188
0.00307024
0.00278064
0.00248654
0.00219124
0.00189779
0.00160898
0.00132873
0.00106067
0.000789051
0.000497218
0.00262402
0.00209527
0.00167551
0.00132752
0.00101124
0.000726199
0.000472074
0.000245742
4.4186e-05
-0.000135251
-0.000295037
-0.000437436
-0.000564484
-0.000677968
-0.000779427
-0.000870142
-0.000951138
-0.00102319
-0.00108683
-0.00114236
-0.00118984
-0.00122914
-0.00125995
-0.00128176
-0.00129394
-0.00129573
-0.00128627
-0.00126464
-0.00122985
-0.00118095
-0.00111697
-0.00103702
-0.000940277
-0.000826055
-0.000693815
-0.000543205
-0.000374087
-0.000186569
1.89717e-05
0.000241866
0.000481136
0.00073548
0.00100327
0.00128255
0.00157103
0.00186615
0.00216502
0.00246454
0.00276137
0.00305203
0.00333294
0.00360044
0.00385094
0.00408092
0.00428704
0.0044662
0.00461563
0.00473294
0.00481617
0.00486388
0.00487515
0.00484963
0.00478754
0.00468967
0.00455739
0.00439254
0.00419749
0.00397499
0.00372815
0.00346033
0.0031751
0.00287615
0.00256716
0.00225183
0.0019337
0.00161606
0.00130199
0.000995796
0.000701557
0.000401725
7.78951e-05
0.00260867
0.00204949
0.00160651
0.00124021
0.000908007
0.000609223
0.000343315
0.000106789
-0.000103735
-0.000291235
-0.000458474
-0.000607979
-0.000742012
-0.000862558
-0.000971313
-0.00106969
-0.00115881
-0.00123953
-0.00131242
-0.0013778
-0.00143573
-0.00148607
-0.00152845
-0.00156231
-0.00158694
-0.00160149
-0.00160499
-0.00159639
-0.00157459
-0.00153848
-0.00148696
-0.00141895
-0.00133349
-0.00122973
-0.00110696
-0.000964666
-0.000802552
-0.000620578
-0.000418982
-0.000198309
4.05698e-05
0.000296438
0.00056773
0.000852521
0.00114854
0.00145316
0.00176347
0.00207624
0.00238801
0.00269511
0.00299374
0.00328
0.00355001
0.00379995
0.00402613
0.00422511
0.00439374
0.00452927
0.00462938
0.00469228
0.00471672
0.00470207
0.00464827
0.00455593
0.00442621
0.0042609
0.00406226
0.00383308
0.00357651
0.00329604
0.0029954
0.00267847
0.00234919
0.00201151
0.00166929
0.00132612
0.000985368
0.000651838
0.000330064
6.8882e-07
-0.000356506
0.00254556
0.0019573
0.00149209
0.00110824
0.000760715
0.000448628
0.00017122
-7.53741e-05
-0.000294884
-0.000490605
-0.000665584
-0.0008226
-0.000964134
-0.00109235
-0.00120911
-0.00131593
-0.00141403
-0.00150432
-0.00158742
-0.00166365
-0.00173307
-0.0017955
-0.00185053
-0.00189753
-0.0019357
-0.00196409
-0.00198162
-0.00198712
-0.00197934
-0.00195702
-0.00191889
-0.00186372
-0.00179038
-0.00169782
-0.00158518
-0.00145175
-0.00129706
-0.00112092
-0.000923411
-0.000704927
-0.000466221
-0.000208406
6.70278e-05
0.000358205
0.000662867
0.00097838
0.00130176
0.00162968
0.00195853
0.00228448
0.00260348
0.00291138
0.00320398
0.00347711
0.00372672
0.00394897
0.00414032
0.00429757
0.00441802
0.00449945
0.00454025
0.00453944
0.00449665
0.00441224
0.00428718
0.00412311
0.00392223
0.00368732
0.0034216
0.00312867
0.00281245
0.00247706
0.00212672
0.0017657
0.00139819
0.00102814
0.000659276
0.000296926
-5.38515e-05
-0.000414293
-0.000806502
0.0024314
0.00181545
0.00132908
0.000928473
0.000566278
0.000241378
-4.72033e-05
-0.000303694
-0.000532169
-0.000736233
-0.000919207
-0.00108412
-0.00123365
-0.00137015
-0.0014956
-0.00161166
-0.0017196
-0.0018204
-0.0019147
-0.00200283
-0.00208484
-0.0021605
-0.00222933
-0.00229065
-0.00234357
-0.00238702
-0.0024198
-0.00244059
-0.00244803
-0.00244066
-0.00241707
-0.00237584
-0.00231565
-0.00223527
-0.00213364
-0.00200985
-0.00186327
-0.0016935
-0.00150045
-0.00128436
-0.00104583
-0.000785865
-0.000505848
-0.000207592
0.000106677
0.00043432
0.000772299
0.0011172
0.00146529
0.00181251
0.00215461
0.00248713
0.00280555
0.00310533
0.00338202
0.00363132
0.00384924
0.00403212
0.00417677
0.00428053
0.00434135
0.00435782
0.00432924
0.00425565
0.00413779
0.00397712
0.00377575
0.00353644
0.00326247
0.00295758
0.00262588
0.00227175
0.00189975
0.00151448
0.00112055
0.000722287
0.000323828
-6.89069e-05
-0.000450291
-0.000843525
-0.0012727
0.00226303
0.00162087
0.00111445
0.000697935
0.000321761
-1.54235e-05
-0.000314815
-0.000580999
-0.000818391
-0.0010309
-0.0012221
-0.00139527
-0.00155329
-0.00169867
-0.00183353
-0.00195962
-0.0020783
-0.00219058
-0.00229712
-0.00239825
-0.002494
-0.00258409
-0.00266799
-0.00274493
-0.0028139
-0.00287375
-0.00292314
-0.00296061
-0.00298462
-0.00299358
-0.00298586
-0.00295989
-0.00291412
-0.00284713
-0.00275763
-0.00264455
-0.002507
-0.00234439
-0.00215644
-0.00194321
-0.00170513
-0.00144305
-0.00115824
-0.000852424
-0.000527774
-0.000186917
0.000167077
0.000530715
0.000900117
0.00127106
0.00163901
0.00199926
0.0023469
0.002677
0.00298465
0.0032651
0.00351382
0.00372664
0.00389982
0.00403018
0.00411516
0.00415288
0.00414224
0.00408288
0.00397527
0.00382064
0.003621
0.00337904
0.00309811
0.00278207
0.00243526
0.00206236
0.00166825
0.00125796
0.00083652
0.00040872
-2.08531e-05
-0.000445633
-0.000859368
-0.00128733
-0.00175572
0.00203747
0.00137063
0.000845329
0.000413808
2.43832e-05
-0.000324523
-0.000634333
-0.000909985
-0.00115623
-0.00137725
-0.00157692
-0.00175871
-0.0019257
-0.00208057
-0.00222555
-0.00236249
-0.00249282
-0.00261758
-0.00273745
-0.00285275
-0.00296346
-0.00306928
-0.00316959
-0.00326354
-0.00335002
-0.00342775
-0.00349526
-0.00355094
-0.00359309
-0.00361992
-0.00362965
-0.00362046
-0.00359062
-0.00353848
-0.00346254
-0.00336147
-0.00323416
-0.00307981
-0.0028979
-0.00268828
-0.0024512
-0.00218732
-0.00189778
-0.00158416
-0.00124858
-0.000893618
-0.00052236
-0.000138363
0.000254369
0.000651426
0.00104805
0.00143918
0.00181957
0.00218386
0.00252665
0.00284265
0.00312677
0.00337425
0.00358076
0.0037425
0.00385634
0.00391986
0.00393143
0.00389029
0.00379654
0.00365115
0.00345595
0.00321357
0.00292737
0.00260138
0.00224016
0.00184867
0.00143221
0.000996245
0.000546299
8.76493e-05
-0.000374603
-0.000833184
-0.00128116
-0.00174601
-0.00225617
0.0017519
0.00106201
0.000519047
7.34481e-05
-0.000328464
-0.000688502
-0.00100832
-0.0012932
-0.0015482
-0.00177783
-0.00198617
-0.00217695
-0.00235341
-0.00251838
-0.00267422
-0.00282285
-0.00296577
-0.00310406
-0.00323839
-0.00336907
-0.00349605
-0.00361896
-0.00373713
-0.00384959
-0.00395515
-0.00405238
-0.00413968
-0.00421529
-0.00427731
-0.0043238
-0.00435274
-0.00436212
-0.00434998
-0.00431443
-0.00425372
-0.00416627
-0.00405074
-0.00390604
-0.00373142
-0.0035265
-0.00329128
-0.00302623
-0.0027323
-0.00241094
-0.00206413
-0.00169441
-0.00130484
-0.000899021
-0.000481064
-5.55531e-05
0.000372507
0.000797753
0.00121455
0.00161706
0.00199938
0.00235565
0.00268016
0.00296747
0.00321259
0.00341104
0.00355901
0.00365345
0.00369216
0.00367385
0.00359819
0.00346582
0.00327834
0.00303828
0.00274901
0.00241468
0.00204007
0.0016305
0.00119166
0.000729527
0.000250149
-0.00024064
-0.000737176
-0.00123141
-0.00171566
-0.00221978
-0.00277459
0.00140368
0.000692449
0.0001331
-0.000325604
-0.00073921
-0.00110977
-0.00143916
-0.00173301
-0.0019967
-0.00223499
-0.00245223
-0.00265235
-0.00283878
-0.00301448
-0.00318193
-0.00334313
-0.00349962
-0.00365251
-0.00380248
-0.00394982
-0.00409444
-0.0042359
-0.00437346
-0.00450606
-0.00463239
-0.00475088
-0.0048598
-0.00495721
-0.00504105
-0.00510917
-0.00515933
-0.00518931
-0.0051969
-0.00517996
-0.00513646
-0.00506456
-0.00496264
-0.00482933
-0.00466361
-0.00446479
-0.00423265
-0.0039674
-0.00366978
-0.00334104
-0.00298304
-0.00259818
-0.0021895
-0.00176061
-0.0013157
-0.000859512
-0.000397286
6.52993e-05
0.000522207
0.000967133
0.00139362
0.00179517
0.00216541
0.00249816
0.00278768
0.00302871
0.0032167
0.00334784
0.00341927
0.00342907
0.0033764
0.0032615
0.00308566
0.00285125
0.00256163
0.00222103
0.00183448
0.00140765
0.000946672
0.000458048
-5.15738e-05
-0.000575753
-0.00110821
-0.00164004
-0.00216275
-0.00270873
-0.00331139
0.000990378
0.000259587
-0.000314809
-0.000785609
-0.00121009
-0.00159053
-0.00192906
-0.00223161
-0.00250389
-0.00275092
-0.00297729
-0.00318712
-0.00338403
-0.0035711
-0.00375093
-0.00392558
-0.00409665
-0.00426526
-0.0044321
-0.00459743
-0.00476112
-0.00492267
-0.00508126
-0.00523572
-0.00538462
-0.00552629
-0.0056588
-0.00578008
-0.00588787
-0.00597979
-0.00605342
-0.00610628
-0.00613589
-0.00613986
-0.00611587
-0.00606177
-0.00597565
-0.00585582
-0.00570094
-0.00551004
-0.00528257
-0.00501848
-0.00471823
-0.00438286
-0.00401402
-0.00361398
-0.00318569
-0.00273274
-0.00225937
-0.00177046
-0.00127145
-0.000768347
-0.000267579
0.000224054
0.00069951
0.00115163
0.00157328
0.00195751
0.00229772
0.0025878
0.0028223
0.00299661
0.00310705
0.00315099
0.00312696
0.00303469
0.00287511
0.00265034
0.00236368
0.00201943
0.00162285
0.00117995
0.000697368
0.000182156
-0.000358386
-0.000917151
-0.00148717
-0.00205862
-0.00262211
-0.00321278
-0.00386678
0.000509787
-0.000238707
-0.000826765
-0.00130862
-0.00174312
-0.0021328
-0.00248
-0.00279099
-0.00307176
-0.0033276
-0.00356332
-0.00378325
-0.00399115
-0.00419026
-0.00438324
-0.00457226
-0.00475894
-0.00494442
-0.0051294
-0.00531411
-0.00549836
-0.00568161
-0.00586293
-0.00604107
-0.00621449
-0.00638135
-0.0065396
-0.00668697
-0.00682101
-0.00693915
-0.00703872
-0.00711697
-0.00717119
-0.00719865
-0.00719677
-0.00716306
-0.00709527
-0.00699138
-0.0068497
-0.0066689
-0.00644811
-0.00618694
-0.00588555
-0.00554469
-0.00516578
-0.0047509
-0.00430287
-0.00382519
-0.00332214
-0.00279867
-0.00226045
-0.00171375
-0.00116541
-0.000622724
-9.33555e-05
0.000414835
0.00089392
0.00133608
0.00173376
0.00207991
0.00236811
0.00259275
0.00274926
0.00283414
0.0028452
0.00278152
0.00264357
0.00243317
0.00215345
0.00180878
0.00140459
0.000947276
0.000443959
-9.76811e-05
-0.000669651
-0.00126411
-0.00187334
-0.00248649
-0.00309322
-0.00373161
-0.00444078
-4.00753e-05
-0.000804338
-0.00140462
-0.00189645
-0.00234011
-0.00273836
-0.00309377
-0.00341292
-0.00370208
-0.0039668
-0.0042121
-0.0044425
-0.00466192
-0.00487372
-0.00508066
-0.00528497
-0.00548831
-0.00569185
-0.00589627
-0.00610177
-0.00630814
-0.00651475
-0.0067206
-0.00692434
-0.00712429
-0.00731851
-0.00750476
-0.00768061
-0.0078434
-0.00799035
-0.00811853
-0.00822496
-0.0083066
-0.00836046
-0.0083836
-0.0083732
-0.00832664
-0.00824152
-0.00811578
-0.00794771
-0.00773603
-0.00747998
-0.00717937
-0.00683463
-0.00644686
-0.00601791
-0.0055504
-0.00504773
-0.00451411
-0.00395458
-0.00337494
-0.00278175
-0.00218222
-0.00158417
-0.000995868
-0.000425927
0.000116877
0.000623777
0.00108621
0.00149604
0.00184574
0.00212863
0.00233904
0.00247251
0.00252595
0.00249769
0.0023876
0.00219709
0.00192906
0.00158785
0.00117909
0.000709512
0.000186754
-0.000380847
-0.000984542
-0.00161569
-0.00226575
-0.00292275
-0.00357529
-0.00426463
-0.00503311
-0.000660932
-0.00143896
-0.00204999
-0.00255069
-0.00300261
-0.00340875
-0.0037719
-0.00409893
-0.00439638
-0.00467004
-0.00492515
-0.0051664
-0.00539787
-0.00562302
-0.00584472
-0.00606524
-0.00628631
-0.0065091
-0.00673428
-0.00696203
-0.0071921
-0.00742379
-0.00765602
-0.00788733
-0.00811595
-0.00833978
-0.00855643
-0.00876327
-0.00895747
-0.009136
-0.0092957
-0.00943329
-0.00954547
-0.00962888
-0.00968026
-0.00969642
-0.00967434
-0.00961122
-0.00950458
-0.00935226
-0.00915258
-0.00890433
-0.00860692
-0.00826037
-0.00786545
-0.00742369
-0.00693744
-0.00640994
-0.00584531
-0.00524857
-0.00462565
-0.00398333
-0.00332919
-0.00267154
-0.00201929
-0.00138182
-0.000768795
-0.000190006
0.000344881
0.000826536
0.00124621
0.00159598
0.00186896
0.00205954
0.00216357
0.00217848
0.0021034
0.00193918
0.00168843
0.00135536
0.00094573
0.000466612
-7.38237e-05
-0.000666553
-0.00130201
-0.00197069
-0.00266313
-0.00336615
-0.00406718
-0.00481091
-0.00564313
-0.00135424
-0.00214396
-0.00276422
-0.00327266
-0.00373194
-0.00414527
-0.00451568
-0.0048503
-0.00515593
-0.0054386
-0.00570373
-0.0059562
-0.00620022
-0.00643938
-0.00667663
-0.0069143
-0.00715415
-0.00739738
-0.00764465
-0.00789612
-0.00815149
-0.00841
-0.0086705
-0.00893144
-0.00919091
-0.00944669
-0.00969622
-0.00993671
-0.0101651
-0.0103782
-0.0105725
-0.0107444
-0.0108905
-0.0110069
-0.01109
-0.0111363
-0.0111423
-0.0111048
-0.0110208
-0.0108877
-0.0107034
-0.0104661
-0.0101748
-0.00982901
-0.00942917
-0.00897638
-0.00847267
-0.00792103
-0.00732542
-0.00669079
-0.00602313
-0.00532939
-0.00461749
-0.00389621
-0.00317509
-0.00246429
-0.00177443
-0.00111635
-0.000500927
6.12116e-05
0.000559955
0.000985977
0.00133102
0.00158813
0.00175193
0.00181874
0.0017868
0.00165627
0.00142929
0.00110988
0.000703852
0.000218589
-0.000337211
-0.000953801
-0.00162075
-0.00232759
-0.00306388
-0.00381509
-0.00456739
-0.00536914
-0.00626984
-0.00212115
-0.00292046
-0.00354839
-0.00406343
-0.00452915
-0.00494897
-0.00532613
-0.00566805
-0.00598174
-0.00627346
-0.00654882
-0.00681286
-0.00706994
-0.00732374
-0.0075773
-0.00783302
-0.00809269
-0.00835754
-0.00862821
-0.00890485
-0.00918712
-0.00947421
-0.00976489
-0.0100575
-0.0103501
-0.0106402
-0.0109252
-0.0112021
-0.0114676
-0.0117182
-0.0119503
-0.0121601
-0.0123435
-0.0124966
-0.0126152
-0.0126955
-0.0127336
-0.0127256
-0.0126682
-0.0125583
-0.0123931
-0.0121704
-0.0118886
-0.0115468
-0.0111449
-0.0106834
-0.0101641
-0.00958958
-0.00896358
-0.00829092
-0.00757755
-0.00683056
-0.00605814
-0.00526949
-0.00447478
-0.00368495
-0.00291157
-0.00216664
-0.0014623
-0.000810581
-0.0002231
0.000289261
0.00071667
0.00105065
0.00128438
0.00141288
0.00143328
0.00134487
0.00114917
0.000849889
0.000452801
-3.44606e-05
-0.000602679
-0.00124136
-0.00193914
-0.00268454
-0.00346601
-0.00426757
-0.00507396
-0.00593752
-0.00691174
-0.00296253
-0.00376928
-0.00440331
-0.00492378
-0.005395
-0.00582059
-0.00620402
-0.00655291
-0.00687454
-0.00717532
-0.0074611
-0.00773703
-0.00800762
-0.00827666
-0.00854726
-0.00882189
-0.00910239
-0.00938998
-0.00968532
-0.00998856
-0.0102993
-0.0106167
-0.0109395
-0.0112658
-0.0115937
-0.0119206
-0.0122437
-0.0125597
-0.0128653
-0.0131568
-0.0134301
-0.0136811
-0.0139057
-0.0140993
-0.0142575
-0.0143759
-0.0144502
-0.0144761
-0.0144497
-0.0143672
-0.0142254
-0.0140214
-0.0137532
-0.013419
-0.0130183
-0.0125512
-0.0120187
-0.0114232
-0.0107681
-0.0100579
-0.00929842
-0.00849689
-0.00766166
-0.00680232
-0.00592961
-0.00505526
-0.0041918
-0.0033524
-0.00255055
-0.0017998
-0.00111341
-0.00050397
1.69116e-05
0.000439018
0.000753845
0.000954903
0.00103796
0.00100123
0.000845434
0.00057379
0.000191929
-0.000292338
-0.000869306
-0.00152772
-0.00225524
-0.00303927
-0.00386708
-0.00472105
-0.00558442
-0.00651376
-0.00756681
-0.00387893
-0.00469093
-0.00532947
-0.00585421
-0.00632999
-0.00676064
-0.00714981
-0.00750535
-0.00783474
-0.00814461
-0.00844093
-0.00872904
-0.00901355
-0.00929836
-0.00958667
-0.00988101
-0.0101833
-0.0104947
-0.0108159
-0.0111471
-0.0114878
-0.0118372
-0.0121939
-0.0125561
-0.0129215
-0.0132876
-0.0136513
-0.0140094
-0.0143581
-0.0146935
-0.0150115
-0.0153075
-0.015577
-0.0158151
-0.0160171
-0.0161781
-0.0162931
-0.0163575
-0.0163667
-0.0163164
-0.0162026
-0.016022
-0.0157717
-0.0154495
-0.015054
-0.0145847
-0.0140423
-0.0134285
-0.0127461
-0.0119995
-0.0111943
-0.0103375
-0.00943782
-0.00850502
-0.00755036
-0.00658633
-0.00562644
-0.00468503
-0.00377702
-0.00291755
-0.00212165
-0.00140382
-0.000777624
-0.000255253
0.000152863
0.000438441
0.000595653
0.000621363
0.000515263
0.000279907
-7.93816e-05
-0.000554712
-0.00113594
-0.00181105
-0.00256668
-0.00338904
-0.0042641
-0.00517248
-0.00609571
-0.00709492
-0.00823239
-0.00487054
-0.00568563
-0.0063271
-0.00685493
-0.00733434
-0.00776931
-0.0081637
-0.00852554
-0.00886251
-0.0091814
-0.00948836
-0.00978886
-0.0100876
-0.0103887
-0.0106953
-0.01101
-0.0113349
-0.0116711
-0.0120193
-0.0123797
-0.0127519
-0.0131348
-0.0135272
-0.0139271
-0.0143322
-0.0147399
-0.0151468
-0.0155497
-0.0159445
-0.0163272
-0.0166933
-0.0170379
-0.0173563
-0.0176432
-0.0178933
-0.0181013
-0.0182618
-0.0183695
-0.0184193
-0.0184062
-0.0183256
-0.0181734
-0.0179461
-0.0176406
-0.0172548
-0.0167877
-0.0162391
-0.0156102
-0.0149032
-0.0141221
-0.0132722
-0.0123604
-0.0113953
-0.0103869
-0.00934694
-0.00828858
-0.00722628
-0.00617557
-0.0051528
-0.00417482
-0.00325855
-0.00242053
-0.00167651
-0.00104091
-0.00052633
-0.000143155
0.000100896
0.000201054
0.000155716
-3.34755e-05
-0.000361685
-0.00082108
-0.00140116
-0.00208916
-0.00287065
-0.0037306
-0.00465354
-0.00561815
-0.00660411
-0.0076774
-0.00890514
-0.00593726
-0.00675327
-0.00739609
-0.00792587
-0.00840796
-0.00884653
-0.00924558
-0.00961335
-0.00995766
-0.0102855
-0.0106031
-0.0109161
-0.0112294
-0.0115471
-0.0118724
-0.0122082
-0.0125563
-0.0129181
-0.0132944
-0.0136851
-0.01409
-0.014508
-0.0149377
-0.0153772
-0.015824
-0.0162754
-0.0167281
-0.0171784
-0.0176224
-0.0180555
-0.0184731
-0.0188702
-0.0192413
-0.0195811
-0.0198838
-0.0201435
-0.0203544
-0.0205105
-0.0206061
-0.0206355
-0.0205935
-0.0204752
-0.0202761
-0.0199926
-0.0196218
-0.0191617
-0.0186115
-0.0179714
-0.0172434
-0.0164305
-0.0155379
-0.0145719
-0.0135412
-0.0124559
-0.011328
-0.0101713
-0.00900119
-0.00783428
-0.00668843
-0.00558222
-0.00453456
-0.00356423
-0.00268935
-0.00192679
-0.00129166
-0.000796722
-0.000451937
-0.000264032
-0.000236222
-0.000368057
-0.000655425
-0.00109073
-0.00166321
-0.00235942
-0.00316384
-0.00406009
-0.00503117
-0.00605364
-0.00710512
-0.0082568
-0.0095809
-0.00707862
-0.00789343
-0.00853607
-0.00906665
-0.00955051
-0.00999194
-0.0103951
-0.0107684
-0.0111197
-0.0114563
-0.0117845
-0.0121101
-0.012438
-0.0127725
-0.013117
-0.0134742
-0.0138462
-0.0142343
-0.0146393
-0.0150614
-0.0155
-0.0159544
-0.0164229
-0.0169036
-0.017394
-0.0178913
-0.0183921
-0.0188924
-0.0193883
-0.0198749
-0.0203475
-0.0208005
-0.0212284
-0.0216253
-0.0219849
-0.0223011
-0.0225672
-0.0227769
-0.0229237
-0.0230012
-0.0230035
-0.0229248
-0.0227598
-0.0225042
-0.0221539
-0.0217063
-0.0211595
-0.0205132
-0.0197682
-0.0189272
-0.0179946
-0.0169764
-0.0158809
-0.0147182
-0.0135007
-0.0122425
-0.0109598
-0.00967034
-0.00839351
-0.0071496
-0.00595962
-0.00484469
-0.00382549
-0.00292164
-0.00215102
-0.00152914
-0.00106853
-0.000778279
-0.000663563
-0.000725461
-0.000960873
-0.00136266
-0.00191997
-0.00261872
-0.00344231
-0.00437295
-0.005392
-0.00647369
-0.0075934
-0.00882782
-0.0102546
-0.00829382
-0.00910538
-0.00974635
-0.0102766
-0.0107613
-0.0112049
-0.0116116
-0.0119899
-0.012348
-0.0126931
-0.0130317
-0.0133698
-0.0137123
-0.0140637
-0.0144274
-0.0148063
-0.0152025
-0.0156173
-0.0160517
-0.0165058
-0.0169792
-0.0174709
-0.0179795
-0.0185029
-0.0190386
-0.0195836
-0.0201345
-0.0206874
-0.0212377
-0.0217809
-0.0223115
-0.022824
-0.0233124
-0.0237704
-0.0241915
-0.0245687
-0.0248951
-0.0251635
-0.025367
-0.0254983
-0.0255507
-0.0255176
-0.0253929
-0.0251712
-0.0248477
-0.0244185
-0.023881
-0.0232338
-0.022477
-0.0216123
-0.0206433
-0.0195757
-0.0184171
-0.0171778
-0.0158698
-0.0145079
-0.0131088
-0.0116914
-0.0102763
-0.00888572
-0.00754273
-0.00627094
-0.00509379
-0.00403385
-0.00311209
-0.00234712
-0.00175448
-0.00134598
-0.00112921
-0.00110714
-0.00127805
-0.00163553
-0.00216882
-0.00286335
-0.00370145
-0.00466387
-0.00573019
-0.00687215
-0.00806263
-0.00938417
-0.0109202
-0.00958173
-0.0103881
-0.011026
-0.0115549
-0.0120396
-0.0124845
-0.0128941
-0.013277
-0.0136413
-0.0139946
-0.0143433
-0.0146936
-0.0150506
-0.0154187
-0.0158016
-0.0162022
-0.0166227
-0.0170646
-0.0175287
-0.0180153
-0.018524
-0.0190539
-0.0196034
-0.0201707
-0.020753
-0.0213474
-0.0219504
-0.0225577
-0.023165
-0.0237673
-0.024359
-0.0249342
-0.0254868
-0.0260098
-0.0264965
-0.0269393
-0.0273308
-0.0276632
-0.0279287
-0.0281195
-0.028228
-0.0282467
-0.0281687
-0.0279874
-0.027697
-0.0272928
-0.0267709
-0.026129
-0.025366
-0.0244828
-0.0234822
-0.022369
-0.0211503
-0.0198359
-0.0184379
-0.0169712
-0.0154529
-0.013903
-0.0123433
-0.0107978
-0.00929158
-0.00785094
-0.00650219
-0.0052711
-0.00418202
-0.00325703
-0.00251508
-0.00197119
-0.00163581
-0.00151427
-0.00160663
-0.00190754
-0.00240663
-0.00308896
-0.00393588
-0.00492664
-0.00603895
-0.0072418
-0.0085054
-0.00991841
-0.0115703
-0.0109409
-0.0117402
-0.0123737
-0.0129003
-0.0133841
-0.0138297
-0.0142416
-0.0146284
-0.0149985
-0.0153594
-0.0157178
-0.0160799
-0.0164509
-0.0168354
-0.0172372
-0.0176593
-0.0181039
-0.0185726
-0.0190665
-0.0195857
-0.02013
-0.0206985
-0.0212898
-0.0219017
-0.0225317
-0.0231768
-0.0238333
-0.024497
-0.0251633
-0.025827
-0.0264824
-0.0271234
-0.0277433
-0.0283351
-0.0288913
-0.0294041
-0.0298653
-0.0302667
-0.0305996
-0.0308556
-0.0310261
-0.0311029
-0.0310779
-0.0309436
-0.0306932
-0.0303208
-0.0298213
-0.0291913
-0.0284287
-0.0275331
-0.0265063
-0.0253523
-0.0240774
-0.0226909
-0.0212045
-0.019633
-0.0179941
-0.0163083
-0.0145987
-0.0128908
-0.011212
-0.0095911
-0.00805738
-0.00664004
-0.00536712
-0.00426453
-0.00335509
-0.0026575
-0.00218559
-0.00194759
-0.00194578
-0.00217634
-0.00262958
-0.00329042
-0.00413932
-0.00515407
-0.00631036
-0.00757427
-0.00891305
-0.0104218
-0.0121965
-0.0123696
-0.0131602
-0.0137881
-0.0143114
-0.0147935
-0.015239
-0.0156525
-0.0160427
-0.016418
-0.0167859
-0.0171533
-0.0175265
-0.0179109
-0.0183112
-0.0187312
-0.0191742
-0.0196424
-0.0201376
-0.0206608
-0.0212125
-0.0217924
-0.0223995
-0.0230327
-0.0236897
-0.0243681
-0.0250647
-0.0257759
-0.0264973
-0.0272243
-0.0279515
-0.028673
-0.0293823
-0.0300726
-0.0307364
-0.0313658
-0.0319525
-0.0324878
-0.0329629
-0.0333683
-0.033695
-0.0339333
-0.0340743
-0.0341088
-0.0340282
-0.0338247
-0.0334911
-0.0330212
-0.0324103
-0.031655
-0.0307537
-0.0297072
-0.0285181
-0.0271921
-0.0257375
-0.0241655
-0.0224908
-0.020731
-0.0189073
-0.0170438
-0.0151675
-0.0133077
-0.0114958
-0.00976426
-0.00814582
-0.00667246
-0.00537429
-0.00427842
-0.00340779
-0.00278016
-0.00240723
-0.00229407
-0.00243887
-0.00283304
-0.00346167
-0.00430449
-0.00533782
-0.00653531
-0.00785988
-0.00927556
-0.0108843
-0.0127886
-0.0138657
-0.0146462
-0.0152674
-0.0157866
-0.0162663
-0.016711
-0.0171254
-0.0175182
-0.0178979
-0.018272
-0.0186476
-0.0190311
-0.0194279
-0.019843
-0.0202803
-0.0207432
-0.0212341
-0.0217549
-0.0223068
-0.0228903
-0.0235051
-0.0241507
-0.0248255
-0.0255276
-0.0262546
-0.0270032
-0.0277697
-0.0285499
-0.0293388
-0.030131
-0.0309203
-0.0317002
-0.0324633
-0.033202
-0.0339078
-0.0345721
-0.0351855
-0.0357386
-0.0362214
-0.0366238
-0.0369356
-0.0371466
-0.0372469
-0.0372268
-0.0370771
-0.0367894
-0.0363565
-0.0357721
-0.0350316
-0.034132
-0.0330728
-0.0318554
-0.0304842
-0.0289667
-0.0273133
-0.0255382
-0.0236589
-0.0216968
-0.0196768
-0.0176272
-0.0155793
-0.0135669
-0.0116255
-0.00979168
-0.00810148
-0.00658958
-0.00528783
-0.00422394
-0.00342022
-0.00289247
-0.00264921
-0.00269121
-0.00301147
-0.00359563
-0.00442291
-0.00546828
-0.00670328
-0.00808746
-0.00958137
-0.0112942
-0.0133351
-0.015427
-0.0161962
-0.0168098
-0.0173242
-0.0178007
-0.018244
-0.0186586
-0.0190532
-0.0194363
-0.0198156
-0.0201983
-0.0205908
-0.0209988
-0.0214274
-0.0218807
-0.0223621
-0.0228744
-0.0234195
-0.0239989
-0.024613
-0.0252619
-0.0259448
-0.0266607
-0.0274075
-0.0281827
-0.0289832
-0.0298054
-0.0306447
-0.0314963
-0.0323545
-0.033213
-0.0340651
-0.0349031
-0.0357189
-0.0365039
-0.0372488
-0.0379439
-0.038579
-0.0391434
-0.0396263
-0.0400167
-0.0403034
-0.0404754
-0.0405221
-0.0404329
-0.0401985
-0.0398099
-0.0392596
-0.0385417
-0.0376516
-0.0365873
-0.035349
-0.0339397
-0.0323655
-0.0306361
-0.0287648
-0.0267688
-0.0246694
-0.022492
-0.0202659
-0.0180242
-0.0158031
-0.0136411
-0.0115784
-0.00965546
-0.00791182
-0.00638448
-0.00510647
-0.00410527
-0.00340151
-0.00300786
-0.00292836
-0.00315818
-0.00368397
-0.0044848
-0.0055344
-0.0068022
-0.00824419
-0.00981718
-0.0116378
-0.0138225
-0.0170509
-0.0178079
-0.0184132
-0.0189222
-0.0193951
-0.0198362
-0.0202502
-0.0206456
-0.0210311
-0.0214144
-0.0218028
-0.0222028
-0.0226204
-0.0230607
-0.0235281
-0.0240263
-0.0245581
-0.0251258
-0.0257308
-0.0263739
-0.0270553
-0.0277743
-0.02853
-0.0293204
-0.030143
-0.0309949
-0.0318722
-0.0327707
-0.0336851
-0.0346097
-0.0355383
-0.0364636
-0.0373779
-0.0382727
-0.039139
-0.0399671
-0.0407468
-0.0414671
-0.0421169
-0.0426846
-0.0431582
-0.0435257
-0.0437751
-0.0438945
-0.0438724
-0.043698
-0.043361
-0.0428525
-0.042165
-0.0412925
-0.0402313
-0.03898
-0.0375403
-0.0359168
-0.0341179
-0.032156
-0.0300474
-0.0278134
-0.0254794
-0.0230755
-0.0206361
-0.0181996
-0.0158076
-0.0135037
-0.0113331
-0.00934013
-0.00756754
-0.00605415
-0.0048333
-0.00393118
-0.00336539
-0.00314401
-0.00326514
-0.00371698
-0.00447885
-0.00552349
-0.00681826
-0.00831543
-0.00996778
-0.0118998
-0.0142352
-0.0187347
-0.0194789
-0.0200756
-0.0205788
-0.0210475
-0.0214858
-0.0218983
-0.0222936
-0.0226802
-0.0230659
-0.0234583
-0.0238639
-0.0242889
-0.0247388
-0.025218
-0.0257306
-0.0262796
-0.0268674
-0.0274958
-0.0281657
-0.0288774
-0.0296306
-0.0304242
-0.0312566
-0.0321253
-0.0330273
-0.0339589
-0.0349157
-0.0358925
-0.0368835
-0.0378822
-0.0388812
-0.0398726
-0.0408476
-0.0417968
-0.04271
-0.0435764
-0.0443847
-0.045123
-0.045779
-0.0463398
-0.0467927
-0.0471244
-0.0473221
-0.0473731
-0.0472652
-0.0469868
-0.0465275
-0.0458781
-0.0450313
-0.0439814
-0.0427257
-0.0412638
-0.0395991
-0.0377383
-0.0356925
-0.0334772
-0.0311127
-0.0286246
-0.0260433
-0.0234042
-0.0207477
-0.0181178
-0.015562
-0.0131298
-0.0108708
-0.00883368
-0.00706357
-0.00560035
-0.00447652
-0.00371552
-0.00333033
-0.00332275
-0.0036833
-0.00439202
-0.00542103
-0.0067357
-0.00828447
-0.0100158
-0.0120623
-0.0145554
-0.0204756
-0.0212069
-0.0217948
-0.022292
-0.022756
-0.0231909
-0.023601
-0.023995
-0.0243812
-0.0247676
-0.0251618
-0.0255707
-0.0260006
-0.0264573
-0.0269455
-0.0274695
-0.0280327
-0.0286377
-0.0292865
-0.0299804
-0.0307197
-0.0315044
-0.0323336
-0.0332057
-0.0341184
-0.0350687
-0.036053
-0.0370668
-0.038105
-0.0391616
-0.0402299
-0.0413026
-0.0423712
-0.0434268
-0.0444596
-0.045459
-0.0464139
-0.0473121
-0.0481413
-0.0488884
-0.0495398
-0.0500817
-0.0505001
-0.050781
-0.0509104
-0.0508748
-0.0506615
-0.0502583
-0.0496546
-0.0488413
-0.0478112
-0.0465595
-0.0450842
-0.0433868
-0.0414724
-0.0393506
-0.0370355
-0.0345465
-0.0319085
-0.029152
-0.0263132
-0.0234337
-0.0205603
-0.0177436
-0.0150374
-0.0124968
-0.0101766
-0.00812869
-0.00640011
-0.00503051
-0.00405004
-0.00347758
-0.00331958
-0.00356967
-0.00420933
-0.00521043
-0.0065366
-0.00813232
-0.00994154
-0.0121053
-0.0147629
-0.0222707
-0.0229894
-0.0235687
-0.0240599
-0.024519
-0.0249499
-0.0253567
-0.0257479
-0.0261319
-0.0265169
-0.0269104
-0.0273197
-0.0277515
-0.0282116
-0.0287053
-0.0292372
-0.0298109
-0.0304295
-0.0310952
-0.0318094
-0.032573
-0.0333859
-0.0342476
-0.0351565
-0.0361105
-0.0371067
-0.0381414
-0.0392103
-0.0403082
-0.0414289
-0.0425658
-0.0437111
-0.0448565
-0.0459924
-0.047109
-0.0481951
-0.0492391
-0.0502286
-0.0511503
-0.0519905
-0.0527349
-0.0533689
-0.0538774
-0.0542454
-0.0544578
-0.0544998
-0.0543572
-0.0540166
-0.0534655
-0.0526933
-0.0516909
-0.0504516
-0.0489717
-0.0472505
-0.0452915
-0.0431022
-0.0406953
-0.0380889
-0.0353068
-0.0323792
-0.0293425
-0.0262395
-0.0231188
-0.0200341
-0.0170435
-0.0142073
-0.0115865
-0.00924031
-0.00722346
-0.00558355
-0.00435842
-0.00357386
-0.00324206
-0.00336072
-0.00391355
-0.00487278
-0.00620057
-0.00783744
-0.0097226
-0.012006
-0.0148347
-0.024117
-0.024824
-0.0253953
-0.0258807
-0.0263349
-0.0267611
-0.0271635
-0.0275504
-0.0279302
-0.0283111
-0.028701
-0.0291074
-0.0295372
-0.0299969
-0.030492
-0.0310274
-0.0316073
-0.0322351
-0.0329132
-0.0336437
-0.0344274
-0.0352646
-0.0361549
-0.0370971
-0.0380891
-0.0391281
-0.0402104
-0.0413318
-0.042487
-0.0436698
-0.0448734
-0.0460899
-0.0473107
-0.0485261
-0.0497258
-0.0508983
-0.0520315
-0.0531125
-0.0541274
-0.055062
-0.055901
-0.0566291
-0.0572304
-0.0576886
-0.0579876
-0.0581115
-0.0580446
-0.0577719
-0.0572797
-0.0565554
-0.0555881
-0.0543694
-0.0528933
-0.0511574
-0.0491627
-0.0469151
-0.0444253
-0.0417096
-0.0387906
-0.0356976
-0.0324669
-0.0291416
-0.0257721
-0.0224146
-0.0191311
-0.015987
-0.0130496
-0.0103856
-0.00805799
-0.00612309
-0.00462737
-0.00360469
-0.00307412
-0.00303858
-0.00348497
-0.00438659
-0.00570454
-0.00737551
-0.00933375
-0.0117383
-0.0147446
-0.0260116
-0.0267086
-0.0272729
-0.027753
-0.0282022
-0.0286233
-0.0290202
-0.0294009
-0.0297741
-0.0301479
-0.0305306
-0.03093
-0.0313536
-0.0318081
-0.0322996
-0.0328336
-0.0334145
-0.0340464
-0.034732
-0.0354736
-0.0362726
-0.0371295
-0.0380441
-0.0390153
-0.0400412
-0.0411192
-0.0422457
-0.0434164
-0.0446259
-0.0458681
-0.0471359
-0.0484214
-0.0497157
-0.051009
-0.0522903
-0.0535482
-0.0547698
-0.0559419
-0.05705
-0.0580791
-0.0590135
-0.0598368
-0.0605323
-0.0610828
-0.0614712
-0.0616801
-0.0616927
-0.0614927
-0.0610646
-0.0603941
-0.0594687
-0.0582778
-0.0568136
-0.0550714
-0.0530502
-0.0507535
-0.0481899
-0.0453738
-0.0423262
-0.0390749
-0.0356555
-0.0321114
-0.0284936
-0.0248608
-0.0212781
-0.0178158
-0.0145476
-0.0115476
-0.00888752
-0.00663311
-0.00484045
-0.00355263
-0.00279688
-0.00258261
-0.00290103
-0.00372743
-0.00502244
-0.00671905
-0.00874648
-0.0112734
-0.0144632
-0.0279519
-0.028641
-0.0291999
-0.0296757
-0.03012
-0.0305355
-0.0309256
-0.0312981
-0.0316618
-0.032025
-0.0323963
-0.0327841
-0.0331962
-0.03364
-0.0341222
-0.0346488
-0.0352249
-0.0358549
-0.0365421
-0.0372892
-0.0380979
-0.0389691
-0.0399028
-0.0408982
-0.0419535
-0.0430661
-0.0442327
-0.0454487
-0.046709
-0.0480072
-0.0493362
-0.050688
-0.0520532
-0.0534219
-0.0547829
-0.0561243
-0.0574328
-0.0586947
-0.059895
-0.0610181
-0.0620475
-0.0629662
-0.0637565
-0.0644004
-0.0648796
-0.0651757
-0.0652706
-0.0651465
-0.0647865
-0.0641747
-0.0632968
-0.0621402
-0.060695
-0.0589544
-0.0569151
-0.0545782
-0.0519501
-0.049043
-0.0458756
-0.0424742
-0.038873
-0.035115
-0.0312516
-0.027343
-0.0234571
-0.0196687
-0.0160573
-0.0127047
-0.00969161
-0.00709368
-0.0049776
-0.00339686
-0.00238822
-0.00196899
-0.00213603
-0.00286767
-0.00412484
-0.00583716
-0.00792878
-0.0105783
-0.0139575
-0.0299354
-0.0306198
-0.0311754
-0.0316479
-0.032088
-0.0324973
-0.032879
-0.033241
-0.0335918
-0.0339402
-0.0342953
-0.0346659
-0.0350605
-0.0354873
-0.0359536
-0.0364661
-0.0370305
-0.0376518
-0.0383339
-0.03908
-0.0398921
-0.0407716
-0.0417186
-0.0427326
-0.043812
-0.0449544
-0.0461563
-0.0474133
-0.0487202
-0.0500706
-0.0514572
-0.0528717
-0.0543048
-0.055746
-0.057184
-0.0586063
-0.0599995
-0.0613492
-0.0626399
-0.0638554
-0.0649787
-0.0659919
-0.0668765
-0.0676137
-0.0681841
-0.0685683
-0.0687469
-0.0687009
-0.0684119
-0.0678623
-0.0670361
-0.0659189
-0.0644988
-0.0627666
-0.0607168
-0.0583481
-0.0556643
-0.0526752
-0.0493971
-0.0458543
-0.0420792
-0.0381138
-0.0340091
-0.0298262
-0.0256353
-0.021515
-0.0175503
-0.0138304
-0.0104451
-0.00748051
-0.00501469
-0.00311273
-0.00182237
-0.00117037
-0.00116069
-0.00177606
-0.00297864
-0.00469514
-0.00684473
-0.00961643
-0.0131904
-0.03196
-0.0326437
-0.0331989
-0.0336699
-0.0341061
-0.0345088
-0.0348805
-0.0352291
-0.0355631
-0.0358919
-0.036225
-0.036572
-0.0369423
-0.0373447
-0.0377874
-0.038278
-0.038823
-0.039428
-0.0400975
-0.0408353
-0.0416438
-0.0425248
-0.0434787
-0.0445052
-0.045603
-0.0467696
-0.0480016
-0.0492948
-0.0506437
-0.0520419
-0.053482
-0.0549554
-0.0564525
-0.0579628
-0.0594744
-0.0609746
-0.0624494
-0.0638841
-0.0652627
-0.0665684
-0.0677834
-0.0688892
-0.0698667
-0.0706959
-0.0713567
-0.0718286
-0.0720911
-0.072124
-0.0719073
-0.071422
-0.0706504
-0.0695764
-0.0681858
-0.0664675
-0.0644135
-0.0620202
-0.0592886
-0.056226
-0.0528461
-0.0491706
-0.04523
-0.0410643
-0.036724
-0.0322702
-0.0277745
-0.0233187
-0.0189927
-0.0148929
-0.0111178
-0.00776448
-0.00492306
-0.00267136
-0.00106952
-0.0001554
5.81764e-05
-0.000417374
-0.00154663
-0.00325408
-0.00545411
-0.00834668
-0.0121204
-0.0340241
-0.0347124
-0.0352707
-0.0357422
-0.0361755
-0.036571
-0.0369308
-0.0372625
-0.0375753
-0.0378787
-0.0381831
-0.0384991
-0.0388369
-0.0392065
-0.0396171
-0.0400771
-0.0405939
-0.041174
-0.0418226
-0.042544
-0.0433412
-0.0442162
-0.04517
-0.0462024
-0.0473122
-0.0484971
-0.0497538
-0.0510778
-0.0524637
-0.0539049
-0.0553939
-0.0569219
-0.058479
-0.0600543
-0.0616357
-0.0632101
-0.0647631
-0.0662794
-0.0677426
-0.0691353
-0.0704391
-0.0716348
-0.0727025
-0.0736216
-0.0743709
-0.0749289
-0.0752742
-0.0753851
-0.0752406
-0.0748201
-0.0741044
-0.0730754
-0.0717173
-0.0700166
-0.0679632
-0.0655509
-0.0627781
-0.0596493
-0.0561756
-0.0523758
-0.0482778
-0.0439197
-0.0393502
-0.0346299
-0.0298313
-0.0250383
-0.0203452
-0.0158546
-0.011674
-0.00791127
-0.0046691
-0.00203911
-9.52845e-05
0.00111164
0.00155816
0.00124805
0.000212905
-0.00147044
-0.00371196
-0.00672317
-0.0107012
-0.0361268
-0.0368263
-0.0373921
-0.0378667
-0.0382982
-0.0386858
-0.0390313
-0.0393423
-0.0396283
-0.0398996
-0.0401677
-0.040444
-0.0407402
-0.0410673
-0.0414359
-0.0418555
-0.0423344
-0.0428801
-0.0434986
-0.0441947
-0.0449722
-0.0458334
-0.0467795
-0.0478107
-0.0489259
-0.0501228
-0.051398
-0.0527473
-0.0541649
-0.0556441
-0.0571771
-0.058755
-0.0603676
-0.0620036
-0.0636507
-0.0652951
-0.0669222
-0.0685162
-0.0700602
-0.071536
-0.0729249
-0.074207
-0.0753615
-0.076367
-0.0772017
-0.0778431
-0.0782685
-0.0784554
-0.0783814
-0.0780246
-0.0773642
-0.0763806
-0.0750558
-0.0733747
-0.0713246
-0.068897
-0.0660879
-0.0628986
-0.0593376
-0.0554206
-0.0511728
-0.0466294
-0.0418374
-0.0368559
-0.0317573
-0.026627
-0.0215627
-0.0166727
-0.0120726
-0.00788107
-0.00421389
-0.00117723
0.00113964
0.00267135
0.00338167
0.00326477
0.00234668
0.000704435
-0.00156811
-0.00469477
-0.00888117
-0.0382681
-0.0389869
-0.0395658
-0.0400466
-0.0404774
-0.0408563
-0.0411847
-0.0414702
-0.041723
-0.0419544
-0.0421769
-0.0424037
-0.0426476
-0.0429215
-0.0432371
-0.0436052
-0.0440355
-0.0445363
-0.0451147
-0.0457761
-0.0465248
-0.0473636
-0.0482941
-0.0493166
-0.0504301
-0.0516324
-0.0529202
-0.0542888
-0.0557326
-0.0572445
-0.0588166
-0.0604396
-0.062103
-0.0637951
-0.0655032
-0.0672132
-0.0689101
-0.0705773
-0.0721975
-0.0737523
-0.0752219
-0.0765859
-0.0778229
-0.0789107
-0.0798266
-0.0805473
-0.0810492
-0.0813085
-0.0813018
-0.0810059
-0.0803984
-0.0794583
-0.0781659
-0.076504
-0.0744579
-0.0720167
-0.0691736
-0.0659276
-0.0622838
-0.0582551
-0.0538635
-0.0491413
-0.0441328
-0.0388954
-0.0335002
-0.0280335
-0.0225952
-0.0172985
-0.0122665
-0.00762837
-0.00351285
-4.14568e-05
0.00268
0.00456966
0.00557647
0.00568272
0.00490692
0.00332485
0.00103339
-0.0022045
-0.00660308
-0.0404491
-0.0411971
-0.0417958
-0.0422865
-0.0427179
-0.0430871
-0.0433949
-0.0436492
-0.0438611
-0.0440432
-0.0442097
-0.0443754
-0.0445551
-0.0447633
-0.0450135
-0.045318
-0.0456879
-0.0461325
-0.0466599
-0.0472764
-0.0479867
-0.0487943
-0.0497008
-0.0507069
-0.0518116
-0.0530126
-0.0543065
-0.0556887
-0.057153
-0.0586924
-0.0602984
-0.0619615
-0.0636708
-0.0654144
-0.0671788
-0.0689498
-0.0707115
-0.0724473
-0.0741391
-0.0757677
-0.0773131
-0.0787541
-0.0800685
-0.0812336
-0.0822256
-0.0830206
-0.0835938
-0.0839207
-0.0839766
-0.083737
-0.0831784
-0.0822781
-0.081015
-0.0793697
-0.0773258
-0.07487
-0.0719932
-0.0686914
-0.064967
-0.0608297
-0.0562983
-0.0514019
-0.0461817
-0.0406925
-0.0350041
-0.0292019
-0.0233877
-0.0176782
-0.0122034
-0.00710185
-0.00251554
0.00141834
0.00457632
0.00685832
0.00819615
0.00855781
0.00795197
0.00645138
0.00415485
0.000811012
-0.00380321
-0.0426723
-0.0434617
-0.0440881
-0.0445932
-0.0450267
-0.0453847
-0.0456674
-0.0458835
-0.0460453
-0.0461672
-0.0462653
-0.0463567
-0.0464584
-0.046587
-0.046758
-0.0469855
-0.047282
-0.0476582
-0.0481231
-0.0486838
-0.0493458
-0.0501129
-0.0509869
-0.0519687
-0.0530573
-0.0542503
-0.0555442
-0.0569339
-0.0584133
-0.0599749
-0.0616098
-0.0633081
-0.0650586
-0.0668487
-0.0686648
-0.0704918
-0.0723136
-0.0741129
-0.0758711
-0.0775685
-0.0791843
-0.0806966
-0.0820829
-0.0833193
-0.0843816
-0.0852447
-0.0858832
-0.0862715
-0.0863838
-0.0861946
-0.085679
-0.0848129
-0.0835736
-0.0819402
-0.0798942
-0.0774203
-0.074507
-0.0711477
-0.067342
-0.0630964
-0.0584264
-0.0533578
-0.0479285
-0.0421903
-0.0362105
-0.0300735
-0.0238813
-0.0177534
-0.0118252
-0.00624451
-0.00116558
0.0032584
0.00688536
0.00959532
0.0113007
0.0119525
0.0115469
0.0101516
0.00786576
0.00442233
-0.000410838
-0.0449422
-0.0457877
-0.0464514
-0.0469758
-0.0474129
-0.0477574
-0.0480095
-0.0481789
-0.0482795
-0.0483281
-0.0483434
-0.0483453
-0.0483534
-0.0483867
-0.0484632
-0.0485989
-0.048808
-0.0491027
-0.0494929
-0.0499867
-0.05059
-0.0513071
-0.0521401
-0.0530897
-0.0541549
-0.0553333
-0.0566211
-0.0580128
-0.059502
-0.0610806
-0.0627396
-0.0644683
-0.0662553
-0.0680873
-0.0699502
-0.0718285
-0.0737055
-0.0755632
-0.0773825
-0.0791431
-0.0808235
-0.0824014
-0.0838532
-0.0851545
-0.0862803
-0.0872047
-0.0879014
-0.0883438
-0.088505
-0.0883587
-0.0878785
-0.0870391
-0.0858163
-0.0841876
-0.0821328
-0.0796346
-0.0766791
-0.0732575
-0.0693664
-0.0650096
-0.0601991
-0.0549573
-0.0493186
-0.0433314
-0.0370602
-0.0305872
-0.024014
-0.0174615
-0.0110696
-0.00499393
0.000599322
0.00554118
0.00967035
0.0128454
0.014957
0.0159365
0.0157644
0.0145008
0.0122435
0.00870801
0.00365259
-0.0472655
-0.0481849
-0.0488972
-0.0494466
-0.0498884
-0.0502164
-0.0504307
-0.0505427
-0.0505687
-0.0505286
-0.0504443
-0.050339
-0.0502357
-0.0501563
-0.0501214
-0.0501492
-0.0502559
-0.0504551
-0.0507579
-0.0511731
-0.0517073
-0.0523649
-0.0531482
-0.054058
-0.055093
-0.0562505
-0.0575263
-0.0589147
-0.0604086
-0.0619996
-0.063678
-0.0654328
-0.0672517
-0.0691211
-0.0710263
-0.0729512
-0.0748784
-0.0767894
-0.0786645
-0.0804826
-0.0822218
-0.0838588
-0.0853696
-0.0867289
-0.0879109
-0.0888889
-0.0896358
-0.090124
-0.0903257
-0.0902133
-0.0897594
-0.0889375
-0.0877219
-0.0860887
-0.0840159
-0.0814843
-0.0784781
-0.0749861
-0.0710023
-0.0665276
-0.0615709
-0.0561511
-0.0502991
-0.0440597
-0.0374938
-0.0306812
-0.0237217
-0.016737
-0.00986989
-0.00328283
0.00284706
0.00833541
0.0130013
0.0166805
0.0192397
0.0205874
0.0206855
0.0195831
0.0173747
0.0137557
0.0084744
-0.0496522
-0.050667
-0.0514413
-0.0520219
-0.0524692
-0.0527761
-0.0529433
-0.0529845
-0.0529197
-0.0527723
-0.0525687
-0.052336
-0.0521011
-0.0518894
-0.0517245
-0.0516271
-0.0516153
-0.0517044
-0.0519065
-0.0522314
-0.0526859
-0.0532746
-0.0540001
-0.0548627
-0.0558609
-0.0569917
-0.0582503
-0.0596304
-0.0611245
-0.0627236
-0.0644173
-0.066194
-0.0680407
-0.0699434
-0.0718865
-0.0738534
-0.0758261
-0.0777854
-0.0797108
-0.0815808
-0.0833726
-0.0850624
-0.0866252
-0.0880352
-0.0892656
-0.0902891
-0.0910774
-0.0916023
-0.0918348
-0.0917464
-0.0913085
-0.0904932
-0.0892737
-0.0876246
-0.0855223
-0.0829458
-0.0798775
-0.0763038
-0.0722165
-0.0676135
-0.062501
-0.0568944
-0.0508209
-0.0443216
-0.0374539
-0.0302942
-0.0229401
-0.0155126
-0.00815663
-0.00103988
0.00565064
0.0117158
0.0169549
0.0211799
0.0242314
0.0259917
0.0264005
0.0254926
0.0233559
0.0196632
0.0141519
-0.0521161
-0.0532524
-0.0541044
-0.0547227
-0.0551754
-0.0554547
-0.0555626
-0.0555164
-0.0553407
-0.055064
-0.0547179
-0.0543344
-0.053945
-0.0535793
-0.0532639
-0.0530226
-0.0528755
-0.0528392
-0.0529273
-0.0531499
-0.0535144
-0.0540253
-0.0546851
-0.0554937
-0.0564492
-0.0575479
-0.0587846
-0.0601523
-0.0616426
-0.063246
-0.0649513
-0.0667462
-0.0686172
-0.0705493
-0.0725264
-0.074531
-0.0765446
-0.0785472
-0.0805178
-0.0824339
-0.0842723
-0.0860081
-0.0876159
-0.0890689
-0.0903397
-0.0913999
-0.0922206
-0.0927722
-0.0930253
-0.0929498
-0.0925162
-0.0916956
-0.0904596
-0.0887815
-0.0866361
-0.0840009
-0.0808562
-0.0771867
-0.0729815
-0.0682363
-0.0629541
-0.0571473
-0.0508396
-0.0440682
-0.0368866
-0.0293677
-0.0216061
-0.0137213
-0.00585893
0.00180911
0.00908729
0.0157626
0.0216147
0.0264309
0.0300235
0.0322457
0.0330105
0.0323346
0.0302958
0.0265406
0.0207939
-0.0546763
-0.0559654
-0.0569134
-0.0575765
-0.0580328
-0.058275
-0.0583076
-0.0581531
-0.0578419
-0.0574094
-0.0568935
-0.0563324
-0.0557627
-0.0552187
-0.0547308
-0.0543256
-0.0540252
-0.0538481
-0.0538086
-0.0539173
-0.0541818
-0.0546065
-0.0551933
-0.0559418
-0.0568494
-0.0579117
-0.0591225
-0.0604741
-0.0619575
-0.0635621
-0.065276
-0.0670861
-0.0689781
-0.0709362
-0.0729435
-0.074982
-0.0770322
-0.0790735
-0.081084
-0.0830408
-0.0849195
-0.0866949
-0.0883405
-0.0898288
-0.0911315
-0.0922194
-0.0930627
-0.093631
-0.0938934
-0.0938192
-0.0933777
-0.0925384
-0.0912721
-0.0895504
-0.0873467
-0.0846368
-0.0813994
-0.0776169
-0.0732765
-0.0683714
-0.0629019
-0.0568771
-0.0503175
-0.0432564
-0.0357435
-0.0278476
-0.01966
-0.0112978
-0.00290636
0.00533959
0.0132373
0.0205607
0.0270705
0.0325286
0.036717
0.0394563
0.0406287
0.0402277
0.0383169
0.0345116
0.0285225
-0.0573589
-0.0588389
-0.0599041
-0.0606184
-0.0610744
-0.061266
-0.0612022
-0.0609124
-0.0604357
-0.0598155
-0.0590978
-0.0583279
-0.0575489
-0.0567999
-0.0561154
-0.055525
-0.0550531
-0.0547193
-0.0545388
-0.0545224
-0.0546776
-0.0550084
-0.055516
-0.0561992
-0.0570546
-0.0580768
-0.0592587
-0.0605917
-0.0620656
-0.063669
-0.0653892
-0.067212
-0.0691223
-0.0711036
-0.073138
-0.0752067
-0.0772895
-0.0793651
-0.0814107
-0.0834025
-0.0853157
-0.087124
-0.0888001
-0.0903159
-0.0916421
-0.0927486
-0.0936046
-0.0941788
-0.0944393
-0.0943541
-0.0938915
-0.0930199
-0.0917084
-0.0899274
-0.0876488
-0.0848467
-0.0814981
-0.0775835
-0.0730879
-0.0680021
-0.0623237
-0.056059
-0.0492249
-0.0418512
-0.0339836
-0.0256866
-0.0170479
-0.00818142
0.000768707
0.0096261
0.0181819
0.0261986
0.0334179
0.0395759
0.0444227
0.0477426
0.0493819
0.0493058
0.0475582
0.0437171
0.0374758
-0.0601989
-0.0619161
-0.0631228
-0.0638941
-0.0643417
-0.0644636
-0.0642752
-0.0638162
-0.0631363
-0.06229
-0.0613328
-0.0603186
-0.0592974
-0.058314
-0.0574072
-0.0566094
-0.0559471
-0.0554409
-0.0551064
-0.0549545
-0.0549919
-0.0552221
-0.0556453
-0.0562592
-0.0570592
-0.0580388
-0.0591898
-0.0605023
-0.0619652
-0.063566
-0.0652907
-0.0671245
-0.069051
-0.071053
-0.0731118
-0.0752075
-0.0773193
-0.0794249
-0.0815009
-0.0835226
-0.0854643
-0.087299
-0.0889986
-0.0905341
-0.0918752
-0.0929911
-0.0938498
-0.0944191
-0.0946661
-0.0945575
-0.0940605
-0.0931421
-0.0917702
-0.0899136
-0.0875427
-0.08463
-0.0811505
-0.0770827
-0.0724097
-0.0671198
-0.061208
-0.0546775
-0.047542
-0.0398276
-0.0315758
-0.022847
-0.0137246
-0.00431886
0.00522813
0.0147394
0.0240015
0.0327659
0.0407566
0.0476832
0.0532617
0.0572366
0.0594131
0.0597212
0.0581787
0.0543179
0.0478111
-0.0632436
-0.0652542
-0.0666302
-0.0674618
-0.0678876
-0.0679124
-0.0675619
-0.06689
-0.0659607
-0.0648418
-0.0636006
-0.062301
-0.061001
-0.0597511
-0.0585944
-0.0575662
-0.0566944
-0.0560005
-0.0554999
-0.0552029
-0.0551155
-0.0552397
-0.0555746
-0.0561164
-0.0568591
-0.0577948
-0.058914
-0.0602054
-0.0616566
-0.0632539
-0.0649823
-0.0668258
-0.0687672
-0.070788
-0.0728688
-0.0749888
-0.0771262
-0.079258
-0.0813598
-0.0834064
-0.0853709
-0.0872257
-0.0889418
-0.0904892
-0.0918369
-0.092953
-0.0938046
-0.0943583
-0.0945802
-0.0944359
-0.0938911
-0.0929116
-0.0914639
-0.0895152
-0.0870344
-0.0839919
-0.0803611
-0.0761185
-0.0712446
-0.0657254
-0.0595532
-0.0527282
-0.0452606
-0.0371726
-0.0285015
-0.0193033
-0.0096566
0.000332301
0.0105244
0.0207432
0.0307714
0.0403512
0.0491888
0.056967
0.0633657
0.0680855
0.0708838
0.0716481
0.0703617
0.0665005
0.0597097
-0.066557
-0.0689297
-0.070506
-0.0713971
-0.0717787
-0.0716676
-0.071105
-0.070164
-0.0689275
-0.0674798
-0.0659025
-0.0642706
-0.0626507
-0.0610994
-0.0596638
-0.0583816
-0.0572816
-0.0563854
-0.0557077
-0.0552576
-0.0550396
-0.0550541
-0.0552983
-0.0557667
-0.0564517
-0.0573435
-0.0584311
-0.0597017
-0.0611416
-0.0627356
-0.0644676
-0.0663204
-0.0682757
-0.070314
-0.0724148
-0.0745567
-0.0767167
-0.0788711
-0.0809946
-0.0830611
-0.085043
-0.0869118
-0.0886375
-0.0901894
-0.0915355
-0.0926429
-0.0934777
-0.0940054
-0.094191
-0.0939989
-0.0933934
-0.0923389
-0.0908004
-0.0887436
-0.0861354
-0.0829445
-0.0791422
-0.0747027
-0.0696042
-0.0638299
-0.0573691
-0.0502189
-0.0423856
-0.0338874
-0.0247571
-0.0150453
-0.0048261
0.00579942
0.0166961
0.0276889
0.0385583
0.0490376
0.0588159
0.0675486
0.0748767
0.080452
0.0839769
0.0852873
0.084321
0.0804829
0.0733829
-0.0702254
-0.0730447
-0.0748549
-0.0757973
-0.0760993
-0.0757972
-0.0749553
-0.073673
-0.0720572
-0.0702129
-0.068238
-0.0662202
-0.0642349
-0.0623446
-0.0606
-0.05904
-0.0576938
-0.0565821
-0.0557179
-0.0551085
-0.0547561
-0.0546589
-0.0548119
-0.0552074
-0.0558357
-0.0566851
-0.0577426
-0.058994
-0.0604238
-0.0620156
-0.0637518
-0.0656141
-0.0675829
-0.0696378
-0.0717573
-0.0739189
-0.0760989
-0.0782725
-0.0804138
-0.0824957
-0.0844898
-0.0863666
-0.0880956
-0.0896448
-0.0909814
-0.0920716
-0.0928804
-0.0933723
-0.093511
-0.0932596
-0.0925812
-0.0914387
-0.0897954
-0.0876153
-0.0848635
-0.0815066
-0.0775136
-0.0728563
-0.0675101
-0.0614554
-0.054678
-0.0471712
-0.0389374
-0.0299899
-0.0203565
-0.0100823
0.000764997
0.01209
0.0237625
0.0356106
0.0474136
0.0588973
0.0697339
0.0795502
0.0879453
0.0945162
0.0989012
0.100873
0.10031
0.096525
0.089081
-0.0743664
-0.0777362
-0.0798155
-0.0807884
-0.0809553
-0.0803842
-0.0791727
-0.0774555
-0.0753706
-0.0730476
-0.0706033
-0.0681387
-0.0657379
-0.0634689
-0.0613842
-0.0595234
-0.0579144
-0.0565756
-0.0555177
-0.054745
-0.0542568
-0.0540483
-0.0541116
-0.0544366
-0.055011
-0.0558209
-0.0568514
-0.0580862
-0.0595083
-0.0610998
-0.0628416
-0.0647141
-0.0666967
-0.0687678
-0.0709049
-0.0730846
-0.0752822
-0.0774722
-0.0796276
-0.0817206
-0.0837219
-0.0856014
-0.0873274
-0.0888672
-0.0901871
-0.0912522
-0.0920266
-0.0924735
-0.0925556
-0.0922347
-0.0914724
-0.0902302
-0.0884696
-0.0861528
-0.0832429
-0.0797043
-0.0755035
-0.0706095
-0.0649948
-0.0586361
-0.0515157
-0.0436224
-0.0349537
-0.0255176
-0.0153356
-0.00444617
0.00709045
0.0191861
0.0317176
0.0445178
0.0573667
0.0699843
0.0820265
0.0930903
0.102729
0.110476
0.115894
0.118679
0.11863
0.114941
0.107106
-0.0791418
-0.0831909
-0.0855723
-0.0865336
-0.0864801
-0.0855287
-0.0838256
-0.0815526
-0.0788865
-0.0759859
-0.0729884
-0.0700085
-0.0671381
-0.0644487
-0.0619933
-0.0598099
-0.0579236
-0.0563492
-0.0550933
-0.0541562
-0.0535335
-0.0532165
-0.0531942
-0.0534531
-0.0539783
-0.0547534
-0.0557611
-0.0569834
-0.0584013
-0.0599951
-0.0617447
-0.063629
-0.0656262
-0.0677136
-0.0698677
-0.0720641
-0.0742774
-0.076481
-0.0786473
-0.0807475
-0.0827517
-0.0846287
-0.0863462
-0.0878706
-0.0891672
-0.0902001
-0.0909326
-0.0913267
-0.0913438
-0.0909445
-0.090089
-0.0887373
-0.086849
-0.0843846
-0.0813048
-0.0775718
-0.0731492
-0.068003
-0.0621024
-0.0554199
-0.0479335
-0.039627
-0.0304919
-0.0205297
-0.00975437
0.00180401
0.0140944
0.0270383
0.0405221
0.0543862
0.0684148
0.0823243
0.0957558
0.108275
0.119384
0.128545
0.135229
0.139032
0.139653
0.136119
0.127831
-0.0847762
-0.0896645
-0.0923727
-0.0932448
-0.0928392
-0.0913493
-0.0889896
-0.0860043
-0.0826173
-0.0790207
-0.0753733
-0.071802
-0.0684044
-0.0652524
-0.0623972
-0.0598723
-0.0576976
-0.0558826
-0.0544282
-0.0533294
-0.0525768
-0.0521575
-0.0520562
-0.052256
-0.0527388
-0.0534855
-0.0544764
-0.0556913
-0.0571095
-0.0587096
-0.0604699
-0.0623681
-0.0643812
-0.0664854
-0.0686564
-0.0708688
-0.0730961
-0.0753112
-0.0774856
-0.0795897
-0.0815928
-0.083463
-0.0851671
-0.0866708
-0.0879385
-0.0889335
-0.0896178
-0.0899526
-0.0898981
-0.0894137
-0.088458
-0.0869894
-0.0849661
-0.0823461
-0.0790883
-0.0751519
-0.0704979
-0.0650889
-0.0588898
-0.0518692
-0.0439994
-0.0352584
-0.0256307
-0.0151099
-0.00370057
0.00857779
0.021686
0.0355586
0.0500951
0.0651484
0.0805113
0.0959014
0.110948
0.125186
0.138061
0.148951
0.157215
0.162323
0.163834
0.160551
0.151728
-0.0915872
-0.0975131
-0.100551
-0.101196
-0.100237
-0.0979816
-0.0947423
-0.0908423
-0.0865618
-0.0821285
-0.0777213
-0.0734761
-0.0694916
-0.0658366
-0.0625558
-0.059675
-0.0572063
-0.0551508
-0.0535024
-0.0522492
-0.0513757
-0.0508637
-0.0506933
-0.0508437
-0.0512933
-0.0520201
-0.0530018
-0.0542161
-0.0556402
-0.0572513
-0.0590261
-0.0609411
-0.0629721
-0.0650945
-0.0672827
-0.0695106
-0.0717511
-0.073976
-0.0761563
-0.0782616
-0.0802606
-0.0821205
-0.0838075
-0.0852865
-0.086521
-0.0874736
-0.0881053
-0.0883764
-0.0882459
-0.0876719
-0.0866119
-0.0850225
-0.08286
-0.0800808
-0.0766411
-0.0724976
-0.0676081
-0.0619313
-0.0554282
-0.0480619
-0.039799
-0.0306105
-0.0204726
-0.00936897
0.0027071
0.0157495
0.0297344
0.0446137
0.0603056
0.0766818
0.0935513
0.110641
0.127575
0.143861
0.158885
0.171925
0.182201
0.189021
0.191752
0.188874
0.179412
-0.100034
-0.10724
-0.11056
-0.110741
-0.108916
-0.105573
-0.101152
-0.0960776
-0.0906922
-0.085258
-0.0799691
-0.0749635
-0.0703344
-0.0661406
-0.0624152
-0.0591718
-0.0564106
-0.0541223
-0.0522909
-0.0508964
-0.049916
-0.0493255
-0.0490998
-0.0492137
-0.049642
-0.0503595
-0.0513416
-0.0525634
-0.0540005
-0.0556285
-0.0574226
-0.0593581
-0.0614098
-0.0635521
-0.0657587
-0.0680025
-0.0702558
-0.0724898
-0.0746747
-0.0767795
-0.0787722
-0.0806195
-0.082287
-0.0837387
-0.0849376
-0.0858454
-0.0864223
-0.0866277
-0.0864195
-0.0857548
-0.0845896
-0.0828792
-0.0805782
-0.0776407
-0.0740208
-0.0696724
-0.0645497
-0.058608
-0.0518031
-0.0440929
-0.0354372
-0.0257988
-0.0151444
-0.00344607
0.00931689
0.0231549
0.0380638
0.0540183
0.0709625
0.0887961
0.107355
0.126389
0.145529
0.164267
0.181929
0.197681
0.210572
0.219693
0.224145
0.221936
0.211718
-0.1108
-0.119572
-0.123021
-0.122328
-0.11916
-0.114265
-0.108258
-0.101679
-0.0949341
-0.088313
-0.0820129
-0.0761621
-0.070838
-0.0660802
-0.0619026
-0.0583013
-0.0552602
-0.0527563
-0.0507618
-0.0492466
-0.0481797
-0.0475302
-0.0472674
-0.0473615
-0.0477834
-0.048505
-0.0494989
-0.0507383
-0.052197
-0.0538489
-0.0556682
-0.0576289
-0.0597051
-0.0618701
-0.064097
-0.066358
-0.0686249
-0.0708681
-0.0730574
-0.0751613
-0.0771471
-0.0789812
-0.0806284
-0.0820524
-0.0832154
-0.0840783
-0.084601
-0.0847417
-0.0844576
-0.0837047
-0.0824378
-0.0806108
-0.0781767
-0.0750878
-0.0712955
-0.0667512
-0.0614059
-0.0552104
-0.048116
-0.0400743
-0.031038
-0.0209607
-0.00979836
0.0024905
0.0159429
0.0305895
0.0464504
0.06353
0.081807
0.101221
0.121651
0.142887
0.164592
0.186259
0.207173
0.226383
0.242728
0.255017
0.261972
0.260901
0.249824
-0.124944
-0.135575
-0.138781
-0.13651
-0.131263
-0.124159
-0.116029
-0.107535
-0.0991363
-0.0911275
-0.0836891
-0.076921
-0.0708685
-0.0655402
-0.0609217
-0.0569842
-0.0536912
-0.0510021
-0.0488753
-0.0472694
-0.0461443
-0.0454617
-0.0451852
-0.0452803
-0.0457143
-0.046456
-0.0474757
-0.0487447
-0.0502351
-0.0519195
-0.0537711
-0.0557631
-0.0578685
-0.0600602
-0.0623105
-0.0645914
-0.0668738
-0.0691279
-0.071323
-0.0734273
-0.0754076
-0.0772298
-0.0788584
-0.0802565
-0.081386
-0.0822073
-0.0826795
-0.0827603
-0.082406
-0.0815718
-0.0802115
-0.0782777
-0.0757218
-0.0724944
-0.0685448
-0.0638217
-0.0582725
-0.0518444
-0.0444834
-0.0361349
-0.0267439
-0.0162545
-0.00461042
0.0082446
0.0223665
0.0378092
0.0546224
0.0728469
0.0925066
0.113595
0.136055
0.159744
0.184391
0.209531
0.234444
0.258078
0.279042
0.29578
0.306481
0.307405
0.295481
-0.144184
-0.156851
-0.158986
-0.153937
-0.145484
-0.135251
-0.124301
-0.113402
-0.103026
-0.0934336
-0.0847519
-0.0770245
-0.0702429
-0.064369
-0.0593488
-0.0551216
-0.0516251
-0.0487985
-0.0465845
-0.0449292
-0.0437832
-0.0431007
-0.0428397
-0.0429614
-0.0434297
-0.0442107
-0.0452727
-0.0465853
-0.0481194
-0.0498467
-0.0517393
-0.0537698
-0.0559107
-0.0581345
-0.060413
-0.0627178
-0.0650195
-0.067288
-0.0694924
-0.0716005
-0.0735789
-0.0753933
-0.0770077
-0.0783851
-0.079487
-0.0802733
-0.0807028
-0.0807326
-0.0803185
-0.0794149
-0.0779748
-0.0759497
-0.0732898
-0.069944
-0.0658597
-0.060983
-0.0552584
-0.048629
-0.041036
-0.0324186
-0.0227141
-0.0118565
0.000222722
0.0135961
0.0283399
0.0445345
0.0622632
0.0816102
0.102655
0.125462
0.15006
0.176412
0.204359
0.233546
0.26332
0.292595
0.319769
0.34285
0.359293
0.363804
0.351439
-0.171478
-0.185842
-0.185138
-0.175273
-0.161922
-0.147303
-0.132671
-0.11882
-0.106152
-0.094822
-0.084849
-0.0761793
-0.068723
-0.0623764
-0.0570343
-0.0525968
-0.0489719
-0.0460767
-0.0438369
-0.0421865
-0.041067
-0.0404257
-0.0402158
-0.0403945
-0.0409231
-0.0417658
-0.0428891
-0.0442617
-0.0458535
-0.0476356
-0.0495796
-0.0516578
-0.0538423
-0.0561053
-0.0584186
-0.0607535
-0.0630804
-0.0653693
-0.067589
-0.0697071
-0.0716903
-0.073504
-0.0751122
-0.0764777
-0.0775616
-0.0783239
-0.078723
-0.0787156
-0.0782573
-0.0773017
-0.0758014
-0.0737069
-0.0709675
-0.0675306
-0.0633421
-0.0583458
-0.0524835
-0.0456948
-0.0379164
-0.0290817
-0.0191203
-0.00795706
0.00448937
0.0183075
0.0335947
0.0504592
0.0690208
0.0894125
0.111779
0.136269
0.163027
0.192158
0.223683
0.25745
0.292998
0.329354
0.36484
0.397027
0.42243
0.433554
0.422297
-0.212239
-0.2263
-0.219027
-0.200944
-0.180234
-0.159606
-0.140313
-0.122987
-0.107804
-0.0946979
-0.0834996
-0.0740064
-0.0660149
-0.0593372
-0.0538071
-0.0492806
-0.0456344
-0.0427632
-0.0405774
-0.039
-0.0379647
-0.0374136
-0.037296
-0.0375669
-0.0381856
-0.0391152
-0.0403216
-0.0417728
-0.0434384
-0.0452894
-0.0472973
-0.0494343
-0.0516726
-0.0539843
-0.0563414
-0.0587151
-0.061076
-0.0633941
-0.0656381
-0.0677759
-0.0697742
-0.0715982
-0.0732122
-0.0745788
-0.0756592
-0.0764133
-0.0767993
-0.076774
-0.0762925
-0.0753084
-0.0737734
-0.0716382
-0.0688507
-0.0653576
-0.0611033
-0.05603
-0.0500773
-0.0431816
-0.0352758
-0.0262885
-0.0161425
-0.00475392
0.00796983
0.0221324
0.0378514
0.0552621
0.0745214
0.0958129
0.119351
0.145383
0.174188
0.206057
0.241262
0.279973
0.322112
0.367089
0.413455
0.458636
0.498154
0.521697
0.516079
-0.276616
-0.283844
-0.262398
-0.230622
-0.199178
-0.170641
-0.145763
-0.124643
-0.106966
-0.0922739
-0.0801104
-0.0700667
-0.0617976
-0.0550186
-0.0494987
-0.045051
-0.0415238
-0.0387936
-0.0367586
-0.0353343
-0.0344497
-0.0340441
-0.0340652
-0.0344669
-0.0352085
-0.0362529
-0.0375661
-0.0391166
-0.0408742
-0.0428102
-0.0448966
-0.0471058
-0.0494105
-0.0517831
-0.0541958
-0.0566201
-0.059027
-0.0613865
-0.0636678
-0.0658388
-0.0678664
-0.0697163
-0.0713525
-0.0727381
-0.0738343
-0.0746012
-0.0749969
-0.0749784
-0.0745007
-0.0735174
-0.0719801
-0.0698388
-0.0670414
-0.0635338
-0.0592595
-0.0541596
-0.0481719
-0.0412307
-0.033266
-0.0242022
-0.0139572
-0.00243999
0.0104514
0.0248333
0.0408405
0.0586322
0.0783989
0.100372
0.124833
0.152132
0.182692
0.217024
0.255718
0.299397
0.348605
0.403543
0.463631
0.526898
0.588421
0.635084
0.646396
-0.383821
-0.366202
-0.316299
-0.262774
-0.21633
-0.177962
-0.14696
-0.122212
-0.102501
-0.0867655
-0.0741574
-0.0640214
-0.0558592
-0.0492935
-0.0440379
-0.0398727
-0.0366276
-0.0341689
-0.0323897
-0.0312034
-0.0305385
-0.0303348
-0.0305411
-0.0311125
-0.0320096
-0.0331966
-0.0346408
-0.0363115
-0.0381799
-0.040218
-0.0423987
-0.0446952
-0.0470806
-0.0495282
-0.0520105
-0.0544997
-0.0569672
-0.0593834
-0.0617178
-0.0639389
-0.0660139
-0.0679086
-0.0695875
-0.0710139
-0.0721495
-0.0729542
-0.0733868
-0.0734043
-0.0729618
-0.0720132
-0.0705099
-0.068402
-0.0656375
-0.0621617
-0.057918
-0.0528466
-0.0468846
-0.0399647
-0.0320153
-0.0229583
-0.012708
-0.00116884
0.0117675
0.0262262
0.0423545
0.0603292
0.0803663
0.102735
0.127775
0.155923
0.187744
0.223973
0.265557
0.313691
0.369806
0.435442
0.511919
0.599331
0.693858
0.782069
0.835995
-0.578045
-0.481808
-0.377036
-0.291902
-0.22651
-0.177413
-0.14097
-0.113785
-0.0932369
-0.0774883
-0.0652661
-0.0556848
-0.0481253
-0.0421503
-0.0374462
-0.033783
-0.030989
-0.0289329
-0.0275122
-0.0266452
-0.0262651
-0.0263161
-0.026751
-0.0275284
-0.0286117
-0.0299678
-0.0315662
-0.0333781
-0.0353763
-0.0375343
-0.0398262
-0.0422262
-0.0447087
-0.0472475
-0.049816
-0.0523871
-0.0549328
-0.0574242
-0.0598313
-0.0621229
-0.0642668
-0.0662293
-0.0679754
-0.0694686
-0.070671
-0.0715431
-0.0720438
-0.0721305
-0.0717588
-0.0708826
-0.069454
-0.067423
-0.0647377
-0.0613439
-0.0571846
-0.0522004
-0.0463278
-0.0394995
-0.0316432
-0.02268
-0.0125229
-0.00107463
0.0117758
0.0261573
0.0422227
0.0601569
0.0801888
0.102608
0.127788
0.156222
0.188576
0.225761
0.26905
0.320231
0.381809
0.457256
0.551167
0.668067
0.80909
0.972496
1.13582
-0.980626
-0.631197
-0.415796
-0.292719
-0.211906
-0.157162
-0.120131
-0.0944259
-0.0759306
-0.0622259
-0.0518427
-0.0438463
-0.0376272
-0.0327789
-0.029022
-0.0261583
-0.024043
-0.0225671
-0.0216459
-0.0212121
-0.0212105
-0.0215948
-0.022325
-0.0233662
-0.0246866
-0.0262574
-0.0280513
-0.0300427
-0.0322066
-0.0345187
-0.0369548
-0.0394908
-0.0421022
-0.0447641
-0.047451
-0.0501368
-0.0527942
-0.0553951
-0.0579103
-0.0603094
-0.0625606
-0.0646309
-0.0664859
-0.0680896
-0.0694046
-0.070392
-0.0710112
-0.07122
-0.0709745
-0.0702291
-0.0689364
-0.0670469
-0.0645092
-0.0612697
-0.0572721
-0.0524573
-0.0467629
-0.0401224
-0.0324644
-0.0237112
-0.0137775
-0.00256771
0.0100266
0.0241312
0.0398949
0.0574977
0.0771618
0.0991692
0.123886
0.151799
0.183579
0.220172
0.262961
0.31404
0.376683
0.456229
0.561421
0.704675
0.903873
1.20993
1.67251
-1.70468
-0.781443
-0.375574
-0.226083
-0.150055
-0.104773
-0.077448
-0.0600314
-0.0480242
-0.0392563
-0.0326255
-0.0275078
-0.0235273
-0.0204465
-0.0181071
-0.0163973
-0.0152346
-0.0145555
-0.0143088
-0.0144525
-0.0149507
-0.0157717
-0.0168873
-0.0182715
-0.0199
-0.0217498
-0.0237987
-0.0260248
-0.0284066
-0.0309226
-0.0335511
-0.0362699
-0.0390564
-0.0418874
-0.0447388
-0.0475856
-0.0504018
-0.0531603
-0.055833
-0.0583901
-0.0608008
-0.063033
-0.0650528
-0.066825
-0.068313
-0.0694783
-0.0702812
-0.07068
-0.0706315
-0.0700908
-0.0690111
-0.0673438
-0.0650384
-0.0620421
-0.0582999
-0.0537541
-0.0483438
-0.0420047
-0.0346679
-0.0262591
-0.0166975
-0.00589316
0.00625467
0.0198615
0.035062
0.0520166
0.0709205
0.0920173
0.115617
0.142129
0.172104
0.206318
0.24591
0.292649
0.349494
0.421911
0.520805
0.668017
0.91623
1.44107
2.48752
)
;

boundaryField
{
    movingWall
    {
        type            zeroGradient;
    }
    fixedWalls
    {
        type            zeroGradient;
    }
    frontAndBack
    {
        type            empty;
    }
}


// ************************************************************************* //
