/*--------------------------------*- C++ -*----------------------------------*\
| =========                 |                                                 |
| \\      /  F ield         | OpenFOAM: The Open Source CFD Toolbox           |
|  \\    /   O peration     | Version:  2.1.1                                 |
|   \\  /    A nd           | Web:      www.OpenFOAM.org                      |
|    \\/     M anipulation  |                                                 |
\*---------------------------------------------------------------------------*/
FoamFile
{
    version     2.0;
    format      ascii;
    class       volVectorField;
    location    "1.5";
    object      U;
}
// * * * * * * * * * * * * * * * * * * * * * * * * * * * * * * * * * * * * * //

dimensions      [0 1 -1 0 0 0 0];

internalField   nonuniform List<vector> 
1681
(
(6.29085e-05 -6.26664e-05 0)
(0.000157149 -5.47755e-05 0)
(0.000144717 -2.19417e-06 0)
(-2.61164e-05 5.60789e-05 0)
(-0.000353674 0.000107577 0)
(-0.000814505 0.000148528 0)
(-0.00138106 0.000178959 0)
(-0.00202651 0.000200281 0)
(-0.00272673 0.000214116 0)
(-0.00346083 0.000221861 0)
(-0.00421065 0.000224549 0)
(-0.00496008 0.000222829 0)
(-0.00569423 0.000217011 0)
(-0.00639879 0.000207139 0)
(-0.00705948 0.000193078 0)
(-0.00766177 0.000174608 0)
(-0.00819085 0.000151521 0)
(-0.00863185 0.000123704 0)
(-0.00897024 9.12235e-05 0)
(-0.00919251 5.43889e-05 0)
(-0.00928689 1.38046e-05 0)
(-0.00924427 -2.96143e-05 0)
(-0.00905906 -7.46078e-05 0)
(-0.00873009 -0.00011962 0)
(-0.00826133 -0.000162846 0)
(-0.00766237 -0.000202322 0)
(-0.00694868 -0.000236034 0)
(-0.00614148 -0.000262055 0)
(-0.0052672 -0.000278694 0)
(-0.00435656 -0.000284629 0)
(-0.00344328 -0.000279036 0)
(-0.00256248 -0.00026167 0)
(-0.00174889 -0.000232912 0)
(-0.00103487 -0.000193778 0)
(-0.000448474 -0.000145922 0)
(-1.13924e-05 -9.17335e-05 0)
(0.000263217 -3.45013e-05 0)
(0.000373592 2.10998e-05 0)
(0.000334525 6.62532e-05 0)
(0.00019389 8.58689e-05 0)
(5.35231e-05 5.34582e-05 0)
(5.70274e-05 -0.000158885 0)
(5.16081e-05 -4.9235e-05 0)
(-0.000245089 0.000217081 0)
(-0.000896098 0.000511485 0)
(-0.00189816 0.000782278 0)
(-0.00321186 0.00100857 0)
(-0.00478219 0.0011851 0)
(-0.00655015 0.00131402 0)
(-0.00845866 0.00140014 0)
(-0.0104549 0.00144851 0)
(-0.0124904 0.00146338 0)
(-0.0145207 0.00144772 0)
(-0.0165039 0.00140322 0)
(-0.0183993 0.0013305 0)
(-0.0201672 0.00122948 0)
(-0.021768 0.00109983 0)
(-0.0231623 0.000941387 0)
(-0.0243118 0.000754609 0)
(-0.02518 0.000540977 0)
(-0.0257342 0.000303304 0)
(-0.0259468 4.59614e-05 0)
(-0.0257978 -0.000225026 0)
(-0.0252762 -0.000501959 0)
(-0.0243824 -0.00077569 0)
(-0.0231296 -0.00103592 0)
(-0.0215443 -0.00127171 0)
(-0.0196672 -0.00147202 0)
(-0.0175526 -0.00162649 0)
(-0.0152667 -0.00172615 0)
(-0.0128857 -0.00176413 0)
(-0.0104924 -0.00173633 0)
(-0.00817264 -0.00164192 0)
(-0.00601078 -0.00148364 0)
(-0.00408488 -0.00126798 0)
(-0.00246182 -0.00100531 0)
(-0.00119199 -0.000710232 0)
(-0.000303575 -0.000402357 0)
(0.000202524 -0.000108375 0)
(0.000362132 0.00013315 0)
(0.000267281 0.000263874 0)
(8.60042e-05 0.000192811 0)
(4.78929e-06 -0.000150234 0)
(-0.000222182 0.000247941 0)
(-0.000941636 0.000919906 0)
(-0.00216968 0.00164558 0)
(-0.00388415 0.00232078 0)
(-0.00603301 0.00289625 0)
(-0.00854337 0.00335415 0)
(-0.0113347 0.00369391 0)
(-0.0143267 0.00392271 0)
(-0.0174425 0.00404993 0)
(-0.0206096 0.00408422 0)
(-0.02376 0.00403212 0)
(-0.0268285 0.00389776 0)
(-0.0297521 0.00368315 0)
(-0.032469 0.00338899 0)
(-0.0349184 0.00301558 0)
(-0.0370408 0.00256396 0)
(-0.0387791 0.00203688 0)
(-0.0400802 0.00143971 0)
(-0.0408971 0.00078125 0)
(-0.0411916 7.41237e-05 0)
(-0.0409364 -0.000664952 0)
(-0.0401185 -0.00141532 0)
(-0.0387412 -0.00215289 0)
(-0.036826 -0.00285099 0)
(-0.0344139 -0.00348156 0)
(-0.0315655 -0.00401666 0)
(-0.0283604 -0.00443022 0)
(-0.024895 -0.00469979 0)
(-0.0212797 -0.00480842 0)
(-0.017634 -0.00474617 0)
(-0.0140814 -0.00451146 0)
(-0.0107432 -0.00411198 0)
(-0.00773185 -0.00356524 0)
(-0.00514345 -0.00289897 0)
(-0.00305067 -0.00215172 0)
(-0.00149506 -0.00137428 0)
(-0.000480021 -0.00063294 0)
(3.7621e-05 -1.40008e-05 0)
(0.000162025 0.000365634 0)
(7.16637e-05 0.00033811 0)
(-5.81254e-05 2.542e-05 0)
(-0.000550656 0.000926704 0)
(-0.00176054 0.00216595 0)
(-0.00362279 0.00345726 0)
(-0.00607935 0.00465237 0)
(-0.00906055 0.00567505 0)
(-0.0124765 0.00649401 0)
(-0.0162294 0.0071045 0)
(-0.0202208 0.00751492 0)
(-0.0243556 0.00773838 0)
(-0.0285426 0.00778776 0)
(-0.0326945 0.00767331 0)
(-0.0367273 0.00740188 0)
(-0.0405592 0.0069774 0)
(-0.0441103 0.00640198 0)
(-0.0473022 0.00567757 0)
(-0.050059 0.00480768 0)
(-0.0523087 0.0037991 0)
(-0.0539849 0.0026634 0)
(-0.0550298 0.00141815 0)
(-0.055397 8.76601e-05 0)
(-0.0550544 -0.00129673 0)
(-0.0539876 -0.00269703 0)
(-0.0522024 -0.00406945 0)
(-0.049727 -0.00536595 0)
(-0.0466131 -0.00653635 0)
(-0.0429366 -0.00753094 0)
(-0.0387963 -0.00830345 0)
(-0.0343117 -0.00881417 0)
(-0.0296189 -0.00903311 0)
(-0.024866 -0.00894276 0)
(-0.0202063 -0.0085405 0)
(-0.0157906 -0.00784033 0)
(-0.0117597 -0.00687392 0)
(-0.00823466 -0.00569135 0)
(-0.00530899 -0.00436171 0)
(-0.00303958 -0.00297451 0)
(-0.00143879 -0.00164272 0)
(-0.000466877 -0.00050719 0)
(-2.63307e-05 0.000254993 0)
(3.85035e-05 0.000403663 0)
(-0.000120779 0.000383341 0)
(-0.000890043 0.00202377 0)
(-0.00261655 0.00399169 0)
(-0.00513851 0.00596547 0)
(-0.00835058 0.00776864 0)
(-0.0121595 0.00930619 0)
(-0.0164563 0.010537 0)
(-0.0211266 0.0114533 0)
(-0.026057 0.0120648 0)
(-0.0311375 0.0123879 0)
(-0.0362619 0.0124393 0)
(-0.0413281 0.0122329 0)
(-0.0462368 0.0117782 0)
(-0.0508911 0.0110812 0)
(-0.0551963 0.0101462 0)
(-0.0590598 0.00897738 0)
(-0.0623925 0.00758207 0)
(-0.0651101 0.00597259 0)
(-0.0671355 0.00416857 0)
(-0.068402 0.00219859 0)
(-0.0688563 0.000101189 0)
(-0.0684617 -0.00207482 0)
(-0.0672019 -0.004271 0)
(-0.0650835 -0.00642052 0)
(-0.0621385 -0.00845051 0)
(-0.0584261 -0.0102851 0)
(-0.0540325 -0.0118493 0)
(-0.0490705 -0.0130732 0)
(-0.0436769 -0.0138968 0)
(-0.0380084 -0.0142743 0)
(-0.0322361 -0.0141789 0)
(-0.0265385 -0.0136058 0)
(-0.0210927 -0.0125756 0)
(-0.0160651 -0.0111355 0)
(-0.0116017 -0.0093606 0)
(-0.00781821 -0.00735398 0)
(-0.00479056 -0.00524783 0)
(-0.00254659 -0.00320509 0)
(-0.00105839 -0.00142221 0)
(-0.000247309 -0.000134629 0)
(7.23856e-07 0.000356327 0)
(-0.000179709 0.000919712 0)
(-0.00122161 0.00354528 0)
(-0.00346606 0.00641045 0)
(-0.00665013 0.00918291 0)
(-0.0106153 0.0116746 0)
(-0.0152401 0.0137826 0)
(-0.0203942 0.0154622 0)
(-0.0259462 0.0167061 0)
(-0.0317688 0.0175266 0)
(-0.0377396 0.017944 0)
(-0.0437405 0.0179791 0)
(-0.0496574 0.0176488 0)
(-0.0553792 0.0169657 0)
(-0.0607972 0.0159379 0)
(-0.065805 0.014572 0)
(-0.0702986 0.0128753 0)
(-0.074178 0.0108596 0)
(-0.0773488 0.00854401 0)
(-0.0797249 0.00595743 0)
(-0.0812312 0.00314108 0)
(-0.0818077 0.000149497 0)
(-0.0814124 -0.00294907 0)
(-0.0800252 -0.00607346 0)
(-0.0776509 -0.00913137 0)
(-0.0743222 -0.0120224 0)
(-0.070101 -0.0146421 0)
(-0.0650799 -0.0168868 0)
(-0.0593808 -0.0186599 0)
(-0.0531536 -0.0198776 0)
(-0.0465715 -0.0204755 0)
(-0.0398257 -0.0204144 0)
(-0.0331176 -0.0196856 0)
(-0.0266498 -0.0183152 0)
(-0.0206154 -0.0163658 0)
(-0.0151871 -0.0139385 0)
(-0.0105063 -0.0111726 0)
(-0.00667345 -0.00824516 0)
(-0.00373771 -0.00537089 0)
(-0.0016899 -0.0028023 0)
(-0.00047758 -0.000831006 0)
(-3.60938e-05 0.000189458 0)
(-0.000234306 0.00162623 0)
(-0.00153787 0.00548197 0)
(-0.00428696 0.00941512 0)
(-0.00811951 0.0131021 0)
(-0.0128221 0.0163589 0)
(-0.0182425 0.0190859 0)
(-0.0242273 0.0212429 0)
(-0.0306275 0.0228276 0)
(-0.0373026 0.0238578 0)
(-0.0441194 0.0243591 0)
(-0.0509501 0.0243567 0)
(-0.0576713 0.0238713 0)
(-0.0641628 0.0229179 0)
(-0.0703071 0.0215072 0)
(-0.0759884 0.019648 0)
(-0.081094 0.0173512 0)
(-0.0855149 0.0146335 0)
(-0.0891481 0.011521 0)
(-0.091899 0.00805281 0)
(-0.0936845 0.00428357 0)
(-0.094437 0.000284716 0)
(-0.0941074 -0.00385494 0)
(-0.0926693 -0.00803013 0)
(-0.0901224 -0.0121214 0)
(-0.0864958 -0.0159986 0)
(-0.0818501 -0.0195261 0)
(-0.0762794 -0.0225687 0)
(-0.0699107 -0.0249992 0)
(-0.0629028 -0.0267062 0)
(-0.0554427 -0.0276027 0)
(-0.0477399 -0.0276334 0)
(-0.0400187 -0.0267823 0)
(-0.0325079 -0.0250783 0)
(-0.0254302 -0.0225984 0)
(-0.0189892 -0.0194693 0)
(-0.0133572 -0.0158671 0)
(-0.00866466 -0.0120153 0)
(-0.00498864 -0.00818229 0)
(-0.00234415 -0.00467747 0)
(-0.000709294 -0.00184813 0)
(-7.0503e-05 -9.6311e-05 0)
(-0.000284825 0.00249311 0)
(-0.00183604 0.00781672 0)
(-0.00506791 0.0129863 0)
(-0.00952433 0.0177022 0)
(-0.014938 0.021798 0)
(-0.0211253 0.0251889 0)
(-0.027909 0.0278473 0)
(-0.0351226 0.0297816 0)
(-0.0426131 0.0310187 0)
(-0.0502374 0.0315917 0)
(-0.0578599 0.0315312 0)
(-0.0653503 0.0308621 0)
(-0.0725817 0.0296022 0)
(-0.0794299 0.0277644 0)
(-0.0857725 0.0253601 0)
(-0.0914898 0.0224033 0)
(-0.0964654 0.0189156 0)
(-0.100589 0.0149301 0)
(-0.103757 0.0104962 0)
(-0.105879 0.00568166 0)
(-0.106877 0.000574953 0)
(-0.106694 -0.00471428 0)
(-0.105293 -0.0100561 0)
(-0.102665 -0.0153029 0)
(-0.0988319 -0.0202932 0)
(-0.0938472 -0.0248575 0)
(-0.0878019 -0.028826 0)
(-0.0808237 -0.0320369 0)
(-0.0730769 -0.0343465 0)
(-0.0647596 -0.0356397 0)
(-0.0560984 -0.03584 0)
(-0.047341 -0.0349192 0)
(-0.0387454 -0.032905 0)
(-0.0305675 -0.0298855 0)
(-0.0230471 -0.0260119 0)
(-0.0163943 -0.0214973 0)
(-0.0107764 -0.0166129 0)
(-0.00630447 -0.0116829 0)
(-0.00302299 -0.00707599 0)
(-0.000943496 -0.00319747 0)
(-0.000103015 -0.000499764 0)
(-0.000331554 0.00351009 0)
(-0.00211478 0.010528 0)
(-0.00580204 0.0170968 0)
(-0.0108498 0.022953 0)
(-0.0169396 0.0279599 0)
(-0.0238572 0.0320578 0)
(-0.031402 0.0352398 0)
(-0.0393907 0.0375312 0)
(-0.0476582 0.0389723 0)
(-0.0560532 0.0396058 0)
(-0.0644338 0.0394696 0)
(-0.0726646 0.0385934 0)
(-0.0806143 0.036998 0)
(-0.0881539 0.0346987 0)
(-0.0951567 0.0317089 0)
(-0.101497 0.0280455 0)
(-0.107054 0.0237342 0)
(-0.111709 0.0188147 0)
(-0.115351 0.0133453 0)
(-0.117879 0.00740641 0)
(-0.119207 0.00110261 0)
(-0.119264 -0.00543628 0)
(-0.118 -0.012056 0)
(-0.115394 -0.0185801 0)
(-0.111454 -0.0248147 0)
(-0.106223 -0.0305546 0)
(-0.099783 -0.0355913 0)
(-0.0922575 -0.039724 0)
(-0.0838123 -0.0427709 0)
(-0.0746537 -0.0445822 0)
(-0.0650246 -0.0450533 0)
(-0.055197 -0.0441369 0)
(-0.0454606 -0.0418533 0)
(-0.0361097 -0.0382976 0)
(-0.0274272 -0.0336428 0)
(-0.0196681 -0.0281383 0)
(-0.0130444 -0.0221046 0)
(-0.00770854 -0.0159249 0)
(-0.00373976 -0.0100321 0)
(-0.00118603 -0.00489457 0)
(-0.000134986 -0.00102205 0)
(-0.000374584 0.0046666 0)
(-0.00237281 0.0135914 0)
(-0.00648381 0.0217138 0)
(-0.0120839 0.0288172 0)
(-0.0188073 0.0348049 0)
(-0.0264112 0.0396519 0)
(-0.0346729 0.0433798 0)
(-0.0433931 0.0460367 0)
(-0.0523961 0.0476804 0)
(-0.0615235 0.0483667 0)
(-0.0706287 0.0481422 0)
(-0.079573 0.0470423 0)
(-0.0882224 0.0450916 0)
(-0.0964456 0.0423072 0)
(-0.104113 0.0387043 0)
(-0.111095 0.0343017 0)
(-0.117266 0.0291283 0)
(-0.122501 0.0232289 0)
(-0.126683 0.0166694 0)
(-0.129698 0.00954073 0)
(-0.131449 0.00196207 0)
(-0.131849 -0.00591817 0)
(-0.130835 -0.0139224 0)
(-0.128365 -0.021846 0)
(-0.124431 -0.0294618 0)
(-0.119058 -0.0365266 0)
(-0.112315 -0.0427901 0)
(-0.104314 -0.0480069 0)
(-0.095219 -0.0519504 0)
(-0.0852402 -0.054428 0)
(-0.0746352 -0.0552978 0)
(-0.0637004 -0.0544847 0)
(-0.0527605 -0.0519936 0)
(-0.0421534 -0.0479199 0)
(-0.0322121 -0.0424541 0)
(-0.0232454 -0.035881 0)
(-0.0155192 -0.0285723 0)
(-0.00923541 -0.0209745 0)
(-0.00451457 -0.0135914 0)
(-0.00144531 -0.0069634 0)
(-0.000168153 -0.00166848 0)
(-0.000413789 0.00595145 0)
(-0.00260844 0.0169795 0)
(-0.00710764 0.0267997 0)
(-0.0132153 0.035251 0)
(-0.0205231 0.0422863 0)
(-0.0287619 0.0479236 0)
(-0.0376891 0.0522202 0)
(-0.047091 0.0552529 0)
(-0.0567826 0.0571014 0)
(-0.0665997 0.0578373 0)
(-0.0763927 0.0575182 0)
(-0.0860212 0.0561864 0)
(-0.0953505 0.0538703 0)
(-0.104249 0.0505891 0)
(-0.112585 0.046359 0)
(-0.120228 0.0411996 0)
(-0.127048 0.0351416 0)
(-0.132915 0.0282327 0)
(-0.137703 0.0205442 0)
(-0.14129 0.0121752 0)
(-0.143563 0.0032566 0)
(-0.14442 -0.00604696 0)
(-0.143776 -0.0155366 0)
(-0.141569 -0.0249807 0)
(-0.137767 -0.0341189 0)
(-0.132373 -0.0426683 0)
(-0.125435 -0.0503333 0)
(-0.117049 -0.0568185 0)
(-0.107369 -0.0618445 0)
(-0.0966062 -0.0651663 0)
(-0.0850282 -0.0665941 0)
(-0.0729559 -0.066013 0)
(-0.0607507 -0.0634019 0)
(-0.0487992 -0.0588474 0)
(-0.0374923 -0.0525518 0)
(-0.0272025 -0.0448327 0)
(-0.0182599 -0.0361149 0)
(-0.0109262 -0.0269142 0)
(-0.00537136 -0.0178143 0)
(-0.00173112 -0.00943897 0)
(-0.000204394 -0.00244935 0)
(-0.000448864 0.00735254 0)
(-0.00281955 0.0206622 0)
(-0.00766741 0.0323118 0)
(-0.0142324 0.0422044 0)
(-0.0220685 0.0503502 0)
(-0.0308837 0.0568178 0)
(-0.0404175 0.0617068 0)
(-0.0504439 0.0651281 0)
(-0.0607699 0.0671874 0)
(-0.0712274 0.0679752 0)
(-0.0816648 0.0675623 0)
(-0.091942 0.0659989 0)
(-0.101925 0.063318 0)
(-0.111484 0.0595407 0)
(-0.120487 0.0546833 0)
(-0.128804 0.0487651 0)
(-0.136303 0.0418164 0)
(-0.14285 0.0338857 0)
(-0.14831 0.0250465 0)
(-0.152552 0.015403 0)
(-0.155447 0.0050942 0)
(-0.156875 -0.00570238 0)
(-0.15673 -0.0167697 0)
(-0.154924 -0.0278512 0)
(-0.151395 -0.0386543 0)
(-0.14612 -0.0488557 0)
(-0.139117 -0.0581117 0)
(-0.13046 -0.0660708 0)
(-0.120285 -0.0723928 0)
(-0.108798 -0.0767693 0)
(-0.0962706 -0.0789491 0)
(-0.0830464 -0.0787638 0)
(-0.0695238 -0.0761522 0)
(-0.0561422 -0.07118 0)
(-0.0433582 -0.0640523 0)
(-0.0316183 -0.0551157 0)
(-0.0213294 -0.0448494 0)
(-0.0128253 -0.0338451 0)
(-0.00633609 -0.0227775 0)
(-0.00205389 -0.0123687 0)
(-0.000245634 -0.00338035 0)
(-0.00047938 0.00885654 0)
(-0.00300363 0.024606 0)
(-0.00815647 0.0382029 0)
(-0.015123 0.0496213 0)
(-0.0234249 0.0589359 0)
(-0.0327504 0.066272 0)
(-0.0428241 0.0717778 0)
(-0.0534092 0.0756027 0)
(-0.0643069 0.0778826 0)
(-0.0753461 0.07873 0)
(-0.0863753 0.0782309 0)
(-0.0972558 0.0764451 0)
(-0.107857 0.0734104 0)
(-0.11805 0.0691498 0)
(-0.127708 0.063679 0)
(-0.136702 0.0570155 0)
(-0.144898 0.0491871 0)
(-0.15216 0.0402403 0)
(-0.158347 0.0302475 0)
(-0.163318 0.0193137 0)
(-0.16693 0.00758221 0)
(-0.169043 -0.00476122 0)
(-0.169527 -0.0174853 0)
(-0.168265 -0.0303123 0)
(-0.165165 -0.0429194 0)
(-0.160166 -0.0549435 0)
(-0.153254 -0.0659903 0)
(-0.14447 -0.0756477 0)
(-0.133924 -0.0835058 0)
(-0.121804 -0.0891811 0)
(-0.108384 -0.0923461 0)
(-0.0940209 -0.0927616 0)
(-0.079149 -0.0903084 0)
(-0.0642632 -0.0850153 0)
(-0.0498928 -0.0770779 0)
(-0.0365694 -0.0668647 0)
(-0.024791 -0.0549094 0)
(-0.0149783 -0.0418867 0)
(-0.00743561 -0.0285755 0)
(-0.00242439 -0.0158132 0)
(-0.000293823 -0.00448278 0)
(-0.000504841 0.0104487 0)
(-0.00315799 0.0287742 0)
(-0.00856802 0.0444208 0)
(-0.0158748 0.0574397 0)
(-0.0245734 0.0679755 0)
(-0.0343359 0.0762161 0)
(-0.0448743 0.0823625 0)
(-0.0559434 0.0866078 0)
(-0.0673397 0.0891214 0)
(-0.078891 0.0900409 0)
(-0.090447 0.0894695 0)
(-0.101872 0.087478 0)
(-0.11304 0.0841101 0)
(-0.123827 0.0793904 0)
(-0.134111 0.0733334 0)
(-0.143765 0.0659534 0)
(-0.152658 0.0572734 0)
(-0.160653 0.0473349 0)
(-0.167606 0.0362054 0)
(-0.173365 0.0239865 0)
(-0.177775 0.0108207 0)
(-0.180677 -0.00310321 0)
(-0.181917 -0.017545 0)
(-0.181347 -0.0322105 0)
(-0.178839 -0.0467503 0)
(-0.174293 -0.0607638 0)
(-0.167652 -0.0738055 0)
(-0.158917 -0.085399 0)
(-0.148161 -0.0950571 0)
(-0.135545 -0.102309 0)
(-0.121331 -0.106733 0)
(-0.105881 -0.108001 0)
(-0.0896601 -0.105913 0)
(-0.0732187 -0.10044 0)
(-0.0571641 -0.0917493 0)
(-0.0421246 -0.080222 0)
(-0.0287045 -0.0664429 0)
(-0.01743 -0.0511764 0)
(-0.00869681 -0.0353199 0)
(-0.00285351 -0.0198463 0)
(-0.000350942 -0.00578363 0)
(-0.000524741 0.012113 0)
(-0.00328002 0.0331267 0)
(-0.00889555 0.0509088 0)
(-0.0164762 0.0655917 0)
(-0.0254964 0.0773945 0)
(-0.0356152 0.0865716 0)
(-0.0465347 0.0933816 0)
(-0.0580032 0.0980645 0)
(-0.0698141 0.100827 0)
(-0.0817952 0.101834 0)
(-0.0937988 0.101209 0)
(-0.105694 0.099035 0)
(-0.11736 0.0953625 0)
(-0.12868 0.0902179 0)
(-0.139538 0.0836141 0)
(-0.149813 0.0755605 0)
(-0.15938 0.0660736 0)
(-0.168101 0.0551864 0)
(-0.175831 0.0429582 0)
(-0.182413 0.0294823 0)
(-0.187681 0.0148947 0)
(-0.191459 -0.000618387 0)
(-0.193569 -0.0168143 0)
(-0.193833 -0.0333885 0)
(-0.192085 -0.0499711 0)
(-0.188182 -0.0661276 0)
(-0.182017 -0.0813636 0)
(-0.173542 -0.0951368 0)
(-0.162781 -0.106876 0)
(-0.149855 -0.116012 0)
(-0.134997 -0.122012 0)
(-0.118565 -0.124435 0)
(-0.101042 -0.122974 0)
(-0.0830304 -0.117516 0)
(-0.0652178 -0.108177 0)
(-0.0483394 -0.0953305 0)
(-0.0331235 -0.0796076 0)
(-0.0202225 -0.0618665 0)
(-0.0101461 -0.0431386 0)
(-0.0033522 -0.0245551 0)
(-0.000419027 -0.0073156 0)
(-0.000538635 0.0138317 0)
(-0.00336747 0.0376205 0)
(-0.00913353 0.0576057 0)
(-0.0169174 0.074004 0)
(-0.0261785 0.0871116 0)
(-0.0365662 0.0972527 0)
(-0.0477751 0.104746 0)
(-0.0595485 0.109883 0)
(-0.0716781 0.112909 0)
(-0.0839928 0.114022 0)
(-0.0963485 0.113364 0)
(-0.10862 0.111035 0)
(-0.120694 0.107092 0)
(-0.132463 0.101565 0)
(-0.143818 0.0944634 0)
(-0.154648 0.0857917 0)
(-0.164833 0.0755575 0)
(-0.174241 0.0637832 0)
(-0.182729 0.0505154 0)
(-0.190138 0.0358348 0)
(-0.196294 0.0198655 0)
(-0.201008 0.00278412 0)
(-0.204081 -0.0151714 0)
(-0.205307 -0.0336938 0)
(-0.204483 -0.0524003 0)
(-0.201418 -0.0708296 0)
(-0.195954 -0.088443 0)
(-0.187982 -0.104634 0)
(-0.177466 -0.118743 0)
(-0.164469 -0.130094 0)
(-0.149181 -0.138026 0)
(-0.131935 -0.14196 0)
(-0.113219 -0.141453 0)
(-0.0936738 -0.13627 0)
(-0.0740676 -0.126447 0)
(-0.0552504 -0.112325 0)
(-0.0380915 -0.0945649 0)
(-0.0233941 -0.0741216 0)
(-0.0118086 -0.0521748 0)
(-0.00393137 -0.0300393 0)
(-0.000500198 -0.00911711 0)
(-0.000546197 0.0155864 0)
(-0.00341878 0.0422101 0)
(-0.00927816 0.0644471 0)
(-0.0171914 0.082599 0)
(-0.0266085 0.09704 0)
(-0.0371721 0.108166 0)
(-0.048571 0.116359 0)
(-0.0605452 0.121963 0)
(-0.0728857 0.125267 0)
(-0.0854233 0.1265 0)
(-0.0980186 0.125832 0)
(-0.110553 0.123376 0)
(-0.122923 0.119201 0)
(-0.13503 0.113337 0)
(-0.146776 0.105794 0)
(-0.15806 0.0965701 0)
(-0.168774 0.0856618 0)
(-0.178793 0.0730785 0)
(-0.187981 0.0588512 0)
(-0.196181 0.0430434 0)
(-0.203217 0.0257617 0)
(-0.208892 0.00716653 0)
(-0.21299 -0.012517 0)
(-0.215281 -0.032988 0)
(-0.215528 -0.0538604 0)
(-0.213495 -0.0746555 0)
(-0.208965 -0.094799 0)
(-0.201764 -0.113625 0)
(-0.191784 -0.130389 0)
(-0.179015 -0.144297 0)
(-0.163579 -0.15455 0)
(-0.145763 -0.160403 0)
(-0.126037 -0.161243 0)
(-0.105065 -0.156676 0)
(-0.0836862 -0.146609 0)
(-0.0628679 -0.131318 0)
(-0.0436378 -0.111471 0)
(-0.0269767 -0.0881125 0)
(-0.0137078 -0.0625839 0)
(-0.00460178 -0.0364108 0)
(-0.000596688 -0.0112323 0)
(-0.000547293 0.0173578 0)
(-0.00343345 0.0468487 0)
(-0.00932821 0.0713666 0)
(-0.0172956 0.091296 0)
(-0.0267812 0.107089 0)
(-0.0374232 0.119213 0)
(-0.0489066 0.128115 0)
(-0.0609688 0.134193 0)
(-0.0734009 0.137783 0)
(-0.0860364 0.13915 0)
(-0.0987413 0.13849 0)
(-0.111405 0.135935 0)
(-0.123933 0.131563 0)
(-0.136239 0.125412 0)
(-0.148239 0.117488 0)
(-0.159845 0.107784 0)
(-0.17096 0.0962846 0)
(-0.181474 0.082985 0)
(-0.19126 0.0678976 0)
(-0.200171 0.0510648 0)
(-0.208032 0.0325707 0)
(-0.214647 0.0125526 0)
(-0.219791 -0.00878518 0)
(-0.223216 -0.0311584 0)
(-0.224653 -0.0541891 0)
(-0.223827 -0.0773935 0)
(-0.220464 -0.100174 0)
(-0.214318 -0.121815 0)
(-0.205199 -0.141494 0)
(-0.193007 -0.158301 0)
(-0.177777 -0.171283 0)
(-0.159718 -0.17951 0)
(-0.139256 -0.18216 0)
(-0.117051 -0.178633 0)
(-0.0939939 -0.168658 0)
(-0.0711686 -0.152389 0)
(-0.049773 -0.130467 0)
(-0.0309936 -0.10401 0)
(-0.0158642 -0.07453 0)
(-0.00537397 -0.0437922 0)
(-0.000710875 -0.0137112 0)
(-0.000542053 0.0191267 0)
(-0.00341238 0.0514898 0)
(-0.00928592 0.0782976 0)
(-0.0172331 0.100013 0)
(-0.0266996 0.117164 0)
(-0.0373207 0.130289 0)
(-0.0487783 0.1399 0)
(-0.0608084 0.146452 0)
(-0.0732025 0.150329 0)
(-0.0857972 0.151835 0)
(-0.0984645 0.151195 0)
(-0.111103 0.148563 0)
(-0.123628 0.144029 0)
(-0.135968 0.137637 0)
(-0.148053 0.129393 0)
(-0.159811 0.119284 0)
(-0.171161 0.107284 0)
(-0.182012 0.0933721 0)
(-0.19225 0.0775407 0)
(-0.201741 0.0598082 0)
(-0.210325 0.0402315 0)
(-0.217809 0.018919 0)
(-0.223968 -0.00395412 0)
(-0.228545 -0.0281305 0)
(-0.231252 -0.0532531 0)
(-0.231776 -0.0788481 0)
(-0.229793 -0.10431 0)
(-0.224985 -0.128891 0)
(-0.217073 -0.151702 0)
(-0.205852 -0.171723 0)
(-0.191247 -0.187845 0)
(-0.173361 -0.198933 0)
(-0.152536 -0.203924 0)
(-0.129393 -0.201954 0)
(-0.104848 -0.19251 0)
(-0.0800862 -0.17556 0)
(-0.0564824 -0.151662 0)
(-0.0354562 -0.121974 0)
(-0.0182946 -0.0881814 0)
(-0.00625795 -0.0523149 0)
(-0.00084529 -0.016609 0)
(-0.000530939 0.0208748 0)
(-0.00335827 0.0560888 0)
(-0.00915798 0.0851759 0)
(-0.0170147 0.108671 0)
(-0.0263771 0.127173 0)
(-0.0368784 0.141289 0)
(-0.048198 0.151597 0)
(-0.0600705 0.158611 0)
(-0.0722881 0.162766 0)
(-0.0846913 0.164406 0)
(-0.0971586 0.163789 0)
(-0.109598 0.161092 0)
(-0.121938 0.156422 0)
(-0.13412 0.14983 0)
(-0.146091 0.141324 0)
(-0.157799 0.130884 0)
(-0.169182 0.118477 0)
(-0.180168 0.104065 0)
(-0.190666 0.0876189 0)
(-0.20056 0.0691316 0)
(-0.209709 0.0486298 0)
(-0.217934 0.0261879 0)
(-0.225021 0.00194443 0)
(-0.230715 -0.0238802 0)
(-0.234715 -0.0509631 0)
(-0.236687 -0.0788571 0)
(-0.23626 -0.106969 0)
(-0.233052 -0.134539 0)
(-0.226692 -0.16063 0)
(-0.216864 -0.184132 0)
(-0.203357 -0.203783 0)
(-0.186139 -0.218233 0)
(-0.165428 -0.226145 0)
(-0.141759 -0.226342 0)
(-0.116031 -0.217988 0)
(-0.0895024 -0.200783 0)
(-0.0637204 -0.175119 0)
(-0.040361 -0.142146 0)
(-0.0210103 -0.103704 0)
(-0.00726296 -0.0621173 0)
(-0.00100263 -0.0199867 0)
(-0.000514822 0.0225857 0)
(-0.00327609 0.0606057 0)
(-0.00895656 0.0919432 0)
(-0.0166603 0.117195 0)
(-0.0258401 0.137025 0)
(-0.0361266 0.152108 0)
(-0.0471966 0.163087 0)
(-0.058783 0.170537 0)
(-0.0706795 0.174944 0)
(-0.0827303 0.1767 0)
(-0.0948216 0.176096 0)
(-0.106872 0.173335 0)
(-0.118823 0.168544 0)
(-0.130632 0.161783 0)
(-0.142266 0.153064 0)
(-0.153692 0.142366 0)
(-0.164871 0.129645 0)
(-0.175755 0.114847 0)
(-0.186278 0.0979241 0)
(-0.196351 0.0788425 0)
(-0.205857 0.0575965 0)
(-0.214641 0.0342232 0)
(-0.222508 0.00881832 0)
(-0.229216 -0.0184438 0)
(-0.23447 -0.0472872 0)
(-0.237923 -0.0773088 0)
(-0.239174 -0.107949 0)
(-0.237785 -0.138463 0)
(-0.233301 -0.167894 0)
(-0.225287 -0.195064 0)
(-0.213387 -0.218578 0)
(-0.197402 -0.236876 0)
(-0.177381 -0.248323 0)
(-0.15372 -0.251376 0)
(-0.127244 -0.244797 0)
(-0.0992377 -0.227909 0)
(-0.0714028 -0.200833 0)
(-0.0456846 -0.164628 0)
(-0.0240155 -0.121254 0)
(-0.00839702 -0.0733412 0)
(-0.00118575 -0.02391 0)
(-0.000495065 0.0242461 0)
(-0.00317349 0.0650083 0)
(-0.00870048 0.0985503 0)
(-0.0162008 0.125519 0)
(-0.0251302 0.146636 0)
(-0.0351149 0.162643 0)
(-0.0458274 0.174248 0)
(-0.0569994 0.182089 0)
(-0.0684256 0.186708 0)
(-0.0799556 0.188543 0)
(-0.0914839 0.187925 0)
(-0.102941 0.185087 0)
(-0.114283 0.180176 0)
(-0.125487 0.173266 0)
(-0.136537 0.164375 0)
(-0.147425 0.153481 0)
(-0.158137 0.140532 0)
(-0.168651 0.125464 0)
(-0.178931 0.108206 0)
(-0.188918 0.0887013 0)
(-0.198526 0.0669103 0)
(-0.207632 0.0428309 0)
(-0.216072 0.0165122 0)
(-0.223629 -0.0119248 0)
(-0.230025 -0.0422624 0)
(-0.234918 -0.0741586 0)
(-0.237895 -0.10711 0)
(-0.238479 -0.140414 0)
(-0.236142 -0.173131 0)
(-0.230339 -0.20405 0)
(-0.220559 -0.231675 0)
(-0.206415 -0.254253 0)
(-0.187744 -0.269849 0)
(-0.164744 -0.276509 0)
(-0.138095 -0.272508 0)
(-0.109043 -0.256673 0)
(-0.0793998 -0.228713 0)
(-0.05138 -0.189474 0)
(-0.0273055 -0.140967 0)
(-0.00966649 -0.0861278 0)
(-0.00139765 -0.028449 0)
(-0.000473625 0.0258475 0)
(-0.00306139 0.0692751 0)
(-0.00841654 0.104962 0)
(-0.0156806 0.133591 0)
(-0.0243074 0.155937 0)
(-0.0339148 0.172803 0)
(-0.0441696 0.184966 0)
(-0.0548012 0.193129 0)
(-0.0656066 0.197895 0)
(-0.0764419 0.199752 0)
(-0.0872121 0.199075 0)
(-0.0978613 0.196128 0)
(-0.108363 0.191083 0)
(-0.118714 0.18403 0)
(-0.12892 0.174996 0)
(-0.138997 0.163958 0)
(-0.148958 0.150863 0)
(-0.158812 0.135633 0)
(-0.168553 0.118183 0)
(-0.178158 0.0984294 0)
(-0.187577 0.0763035 0)
(-0.196726 0.0517631 0)
(-0.205478 0.0248092 0)
(-0.213653 -0.00449544 0)
(-0.221006 -0.0360019 0)
(-0.227219 -0.0694415 0)
(-0.231884 -0.104389 0)
(-0.234508 -0.140216 0)
(-0.234511 -0.176035 0)
(-0.231253 -0.210648 0)
(-0.224076 -0.242508 0)
(-0.21239 -0.269703 0)
(-0.19579 -0.290016 0)
(-0.17421 -0.301059 0)
(-0.148104 -0.300544 0)
(-0.118593 -0.286666 0)
(-0.0875295 -0.258552 0)
(-0.0573717 -0.216663 0)
(-0.0308645 -0.162945 0)
(-0.0110757 -0.100612 0)
(-0.00164146 -0.0336776 0)
(-0.00045319 0.0273879 0)
(-0.00295474 0.0734004 0)
(-0.0081413 0.111163 0)
(-0.0151598 0.141378 0)
(-0.0234527 0.164869 0)
(-0.0326238 0.182504 0)
(-0.0423309 0.19513 0)
(-0.0523012 0.203521 0)
(-0.0623355 0.208343 0)
(-0.0722989 0.210142 0)
(-0.08211 0.209338 0)
(-0.0917296 0.206232 0)
(-0.101151 0.201022 0)
(-0.110392 0.193816 0)
(-0.119483 0.184652 0)
(-0.128467 0.173513 0)
(-0.137384 0.160341 0)
(-0.146274 0.145052 0)
(-0.155167 0.127546 0)
(-0.164074 0.107719 0)
(-0.172987 0.0854725 0)
(-0.181864 0.0607273 0)
(-0.190624 0.0334364 0)
(-0.199133 0.00360285 0)
(-0.207193 -0.0286972 0)
(-0.214521 -0.0632805 0)
(-0.220743 -0.0998189 0)
(-0.225372 -0.137784 0)
(-0.227805 -0.176382 0)
(-0.227334 -0.214481 0)
(-0.223173 -0.250537 0)
(-0.214532 -0.282547 0)
(-0.200741 -0.308048 0)
(-0.181419 -0.324228 0)
(-0.156705 -0.328177 0)
(-0.127485 -0.317322 0)
(-0.0955529 -0.290007 0)
(-0.0635518 -0.246081 0)
(-0.0346639 -0.187245 0)
(-0.0126264 -0.116919 0)
(-0.00192047 -0.039672 0)
(-0.0004374 0.0288744 0)
(-0.0028736 0.077399 0)
(-0.00792336 0.117163 0)
(-0.0147175 0.148874 0)
(-0.022672 0.173401 0)
(-0.0313679 0.191681 0)
(-0.0404504 0.20464 0)
(-0.0496449 0.213129 0)
(-0.0587589 0.217888 0)
(-0.0676709 0.219521 0)
(-0.0763173 0.2185 0)
(-0.0846801 0.215164 0)
(-0.0927759 0.20974 0)
(-0.100646 0.202357 0)
(-0.108349 0.193065 0)
(-0.115954 0.181854 0)
(-0.123532 0.168666 0)
(-0.131153 0.153411 0)
(-0.138882 0.135978 0)
(-0.146769 0.116246 0)
(-0.154846 0.0940905 0)
(-0.163118 0.0693986 0)
(-0.171552 0.042078 0)
(-0.180069 0.0120735 0)
(-0.188524 -0.0206112 0)
(-0.196692 -0.055886 0)
(-0.204245 -0.0935318 0)
(-0.210735 -0.133145 0)
(-0.215569 -0.174062 0)
(-0.218004 -0.215269 0)
(-0.217163 -0.2553 0)
(-0.212078 -0.292133 0)
(-0.201809 -0.323141 0)
(-0.185622 -0.345125 0)
(-0.163256 -0.354532 0)
(-0.13524 -0.347905 0)
(-0.10317 -0.322577 0)
(-0.0697769 -0.277498 0)
(-0.0386615 -0.213862 0)
(-0.0143184 -0.135153 0)
(-0.00223829 -0.0465103 0)
(-0.000431205 0.0303259 0)
(-0.00284476 0.0813134 0)
(-0.00782671 0.123005 0)
(-0.0144564 0.156102 0)
(-0.0221006 0.181522 0)
(-0.0303057 0.200283 0)
(-0.0387007 0.213403 0)
(-0.0470108 0.221824 0)
(-0.0550554 0.226364 0)
(-0.0627329 0.227695 0)
(-0.0700043 0.226342 0)
(-0.0768784 0.222686 0)
(-0.0833999 0.216983 0)
(-0.0896385 0.209385 0)
(-0.0956812 0.199955 0)
(-0.101625 0.188691 0)
(-0.107573 0.175537 0)
(-0.113627 0.1604 0)
(-0.119883 0.143161 0)
(-0.126432 0.123682 0)
(-0.133344 0.101821 0)
(-0.140671 0.0774348 0)
(-0.148431 0.0503903 0)
(-0.156601 0.0205788 0)
(-0.165099 -0.012067 0)
(-0.173767 -0.0475484 0)
(-0.182345 -0.0857619 0)
(-0.190446 -0.126444 0)
(-0.197523 -0.169093 0)
(-0.202845 -0.212866 0)
(-0.205485 -0.256444 0)
(-0.204344 -0.297887 0)
(-0.198233 -0.334504 0)
(-0.186048 -0.362801 0)
(-0.167059 -0.378611 0)
(-0.141305 -0.377505 0)
(-0.11002 -0.355582 0)
(-0.0758663 -0.310544 0)
(-0.0428012 -0.242712 0)
(-0.0161495 -0.155395 0)
(-0.00259909 -0.0542712 0)
(-0.000441476 0.0317774 0)
(-0.00290433 0.0852219 0)
(-0.00793564 0.128777 0)
(-0.0145086 0.163126 0)
(-0.0219081 0.189254 0)
(-0.0296314 0.208282 0)
(-0.0372883 0.221341 0)
(-0.0446079 0.229478 0)
(-0.0514302 0.233604 0)
(-0.0576832 0.234465 0)
(-0.0633617 0.23264 0)
(-0.0685094 0.228555 0)
(-0.0732047 0.222496 0)
(-0.0775502 0.214634 0)
(-0.0816638 0.205049 0)
(-0.0856733 0.193743 0)
(-0.089711 0.180666 0)
(-0.0939099 0.165721 0)
(-0.0984 0.148784 0)
(-0.103304 0.129708 0)
(-0.108734 0.108333 0)
(-0.114783 0.0844903 0)
(-0.12152 0.0580151 0)
(-0.12898 0.0287514 0)
(-0.137144 -0.00343239 0)
(-0.145929 -0.0386238 0)
(-0.155158 -0.0768329 0)
(-0.164527 -0.117943 0)
(-0.173569 -0.161635 0)
(-0.18161 -0.207276 0)
(-0.187732 -0.253768 0)
(-0.190765 -0.299356 0)
(-0.18932 -0.341419 0)
(-0.18194 -0.376303 0)
(-0.16738 -0.399318 0)
(-0.145067 -0.405045 0)
(-0.115679 -0.388146 0)
(-0.0816002 -0.344683 0)
(-0.0470138 -0.273612 0)
(-0.0181184 -0.177693 0)
(-0.00300836 -0.0630345 0)
(-0.000478077 0.0332856 0)
(-0.00310186 0.0892507 0)
(-0.00836187 0.134618 0)
(-0.0150436 0.170056 0)
(-0.022305 0.19665 0)
(-0.0295777 0.215665 0)
(-0.0364515 0.228376 0)
(-0.042669 0.23596 0)
(-0.0481039 0.239432 0)
(-0.0527279 0.239621 0)
(-0.056582 0.237163 0)
(-0.0597547 0.232524 0)
(-0.0623659 0.226021 0)
(-0.0645555 0.217842 0)
(-0.0664754 0.208077 0)
(-0.0682846 0.196738 0)
(-0.0701449 0.183774 0)
(-0.0722185 0.169091 0)
(-0.0746651 0.152558 0)
(-0.0776395 0.13402 0)
(-0.0812879 0.113306 0)
(-0.0857439 0.0902289 0)
(-0.0911224 0.0645965 0)
(-0.097511 0.0362151 0)
(-0.104958 0.00489927 0)
(-0.113457 -0.0295141 0)
(-0.122917 -0.0671396 0)
(-0.133138 -0.108003 0)
(-0.143762 -0.151975 0)
(-0.154215 -0.198661 0)
(-0.163653 -0.247243 0)
(-0.170906 -0.296252 0)
(-0.174465 -0.343289 0)
(-0.172573 -0.384723 0)
(-0.163464 -0.415507 0)
(-0.145856 -0.429301 0)
(-0.119661 -0.419192 0)
(-0.0867185 -0.379186 0)
(-0.05122 -0.306262 0)
(-0.0202274 -0.202056 0)
(-0.0034742 -0.0728827 0)
(-0.000555755 0.034938 0)
(-0.00350687 0.0935889 0)
(-0.00925504 0.140735 0)
(-0.0162783 0.177054 0)
(-0.023548 0.203796 0)
(-0.0304143 0.22243 0)
(-0.0364525 0.234427 0)
(-0.0414353 0.241123 0)
(-0.0452907 0.243655 0)
(-0.0480535 0.242936 0)
(-0.0498273 0.239661 0)
(-0.0507575 0.234335 0)
(-0.0510139 0.227294 0)
(-0.0507789 0.218743 0)
(-0.0502408 0.208778 0)
(-0.0495902 0.197414 0)
(-0.0490172 0.184601 0)
(-0.0487106 0.170244 0)
(-0.0488564 0.154209 0)
(-0.0496368 0.136337 0)
(-0.0512282 0.116444 0)
(-0.0537986 0.0943339 0)
(-0.0575037 0.0697937 0)
(-0.0624802 0.0426016 0)
(-0.0688373 0.0125306 0)
(-0.0766415 -0.0206429 0)
(-0.0858965 -0.0571228 0)
(-0.096512 -0.0970634 0)
(-0.108258 -0.140516 0)
(-0.120703 -0.187333 0)
(-0.133133 -0.237018 0)
(-0.144463 -0.288479 0)
(-0.153166 -0.339688 0)
(-0.157274 -0.387257 0)
(-0.154551 -0.426029 0)
(-0.142947 -0.448927 0)
(-0.121413 -0.447431 0)
(-0.0909155 -0.413108 0)
(-0.0553326 -0.340216 0)
(-0.0224903 -0.228452 0)
(-0.00401016 -0.0839058 0)
(-0.000697505 0.0368664 0)
(-0.00421939 0.0985109 0)
(-0.0108174 0.147416 0)
(-0.0184887 0.184336 0)
(-0.0259431 0.210796 0)
(-0.0324389 0.22857 0)
(-0.0375551 0.239388 0)
(-0.0411233 0.244787 0)
(-0.0431561 0.246041 0)
(-0.0437776 0.244149 0)
(-0.043174 0.239861 0)
(-0.0415618 0.233707 0)
(-0.0391695 0.22604 0)
(-0.0362269 0.217068 0)
(-0.0329605 0.206889 0)
(-0.0295917 0.195516 0)
(-0.026337 0.182898 0)
(-0.0234082 0.168934 0)
(-0.0210134 0.153489 0)
(-0.019357 0.136398 0)
(-0.0186402 0.117475 0)
(-0.0190595 0.0965138 0)
(-0.0208047 0.0732899 0)
(-0.0240554 0.0475634 0)
(-0.0289746 0.0190787 0)
(-0.0356982 -0.0124315 0)
(-0.0443187 -0.0472394 0)
(-0.0548587 -0.0856046 0)
(-0.0672288 -0.127738 0)
(-0.0811644 -0.173729 0)
(-0.096135 -0.223413 0)
(-0.111224 -0.276138 0)
(-0.124999 -0.33039 0)
(-0.135415 -0.383256 0)
(-0.139868 -0.42979 0)
(-0.135552 -0.462488 0)
(-0.120293 -0.47136 0)
(-0.0938262 -0.445249 0)
(-0.0592585 -0.374854 0)
(-0.0249425 -0.256803 0)
(-0.00464046 -0.0962124 0)
(-0.000940704 0.0392687 0)
(-0.00538675 0.104405 0)
(-0.0133233 0.155046 0)
(-0.0220198 0.192166 0)
(-0.0298367 0.217756 0)
(-0.0359481 0.23404 0)
(-0.0399764 0.243098 0)
(-0.0418599 0.246709 0)
(-0.0417389 0.246296 0)
(-0.0398604 0.242944 0)
(-0.0365169 0.237439 0)
(-0.032011 0.230327 0)
(-0.0266384 0.221958 0)
(-0.0206797 0.212534 0)
(-0.0143999 0.202144 0)
(-0.00804954 0.190793 0)
(-0.00186729 0.178421 0)
(0.00391601 0.164925 0)
(0.00907551 0.150163 0)
(0.0133901 0.133969 0)
(0.01664 0.116154 0)
(0.0186068 0.096507 0)
(0.0190729 0.0748005 0)
(0.0178235 0.0507853 0)
(0.0146491 0.0241912 0)
(0.00935275 -0.00527573 0)
(0.00176042 -0.0379326 0)
(-0.00825829 -0.0741153 0)
(-0.0207556 -0.114161 0)
(-0.0356479 -0.158365 0)
(-0.0526243 -0.20688 0)
(-0.0710094 -0.259519 0)
(-0.0895824 -0.315386 0)
(-0.106383 -0.372271 0)
(-0.118606 -0.425802 0)
(-0.122786 -0.468504 0)
(-0.115539 -0.489263 0)
(-0.0949934 -0.474106 0)
(-0.0628915 -0.409325 0)
(-0.0276594 -0.286978 0)
(-0.00541024 -0.109951 0)
(-0.00134844 0.0424445 0)
(-0.00723033 0.111813 0)
(-0.017143 0.164112 0)
(-0.0272848 0.200828 0)
(-0.0355801 0.224732 0)
(-0.0411654 0.238702 0)
(-0.0437841 0.245281 0)
(-0.0435552 0.24653 0)
(-0.0408058 0.244025 0)
(-0.0359472 0.238915 0)
(-0.0294036 0.232004 0)
(-0.0215779 0.223825 0)
(-0.0128389 0.214708 0)
(-0.00351915 0.204831 0)
(0.00608057 0.194261 0)
(0.0156851 0.182987 0)
(0.0250385 0.170936 0)
(0.0338974 0.157994 0)
(0.0420265 0.144018 0)
(0.0491939 0.128838 0)
(0.0551681 0.112264 0)
(0.059715 0.0940879 0)
(0.0625968 0.0740823 0)
(0.0635705 0.0519991 0)
(0.0623891 0.0275655 0)
(0.0588034 0.000478807 0)
(0.0525687 -0.0295997 0)
(0.0434575 -0.0630508 0)
(0.0312843 -0.100298 0)
(0.0159525 -0.141794 0)
(-0.00246424 -0.187966 0)
(-0.0235838 -0.239072 0)
(-0.0465051 -0.294883 0)
(-0.0695273 -0.354078 0)
(-0.0898714 -0.413241 0)
(-0.103614 -0.465496 0)
(-0.106189 -0.499206 0)
(-0.093799 -0.497809 0)
(-0.0660842 -0.442465 0)
(-0.0307788 -0.318772 0)
(-0.00640404 -0.125351 0)
(-0.00203077 0.0468549 0)
(-0.0100874 0.121478 0)
(-0.0227631 0.175188 0)
(-0.0347305 0.210561 0)
(-0.0434284 0.231633 0)
(-0.0480804 0.242224 0)
(-0.048688 0.245457 0)
(-0.045661 0.243703 0)
(-0.0395893 0.238667 0)
(-0.0310944 0.231527 0)
(-0.0207562 0.223061 0)
(-0.00908747 0.213758 0)
(0.00346959 0.203898 0)
(0.0165351 0.193616 0)
(0.0297794 0.182942 0)
(0.0429109 0.171838 0)
(0.0556649 0.160212 0)
(0.0677936 0.147939 0)
(0.0790591 0.134869 0)
(0.0892266 0.12083 0)
(0.0980598 0.105636 0)
(0.105317 0.0890832 0)
(0.110746 0.0709519 0)
(0.114085 0.0510029 0)
(0.115057 0.0289725 0)
(0.113373 0.00456469 0)
(0.108728 -0.0225589 0)
(0.100813 -0.0527929 0)
(0.0893261 -0.0866045 0)
(0.0740041 -0.124547 0)
(0.0546871 -0.167252 0)
(0.0314385 -0.215358 0)
(0.00475762 -0.269287 0)
(-0.0240848 -0.328711 0)
(-0.0526081 -0.391506 0)
(-0.0767503 -0.452045 0)
(-0.090963 -0.499047 0)
(-0.0893308 -0.51403 0)
(-0.0685692 -0.472651 0)
(-0.0345219 -0.351859 0)
(-0.00777731 -0.14279 0)
(-0.00318447 0.0532256 0)
(-0.014473 0.134386 0)
(-0.0307814 0.188862 0)
(-0.0447131 0.2214 0)
(-0.0532956 0.238051 0)
(-0.056108 0.24392 0)
(-0.053635 0.242812 0)
(-0.0467282 0.23739 0)
(-0.0363285 0.229429 0)
(-0.0233104 0.220063 0)
(-0.00842345 0.209986 0)
(0.00771267 0.199593 0)
(0.0245929 0.189083 0)
(0.0418044 0.178521 0)
(0.0590038 0.167886 0)
(0.0758971 0.157102 0)
(0.0922241 0.146054 0)
(0.107745 0.134601 0)
(0.122229 0.122586 0)
(0.135448 0.109839 0)
(0.14717 0.0961762 0)
(0.157154 0.0814053 0)
(0.165143 0.0653197 0)
(0.170864 0.0476966 0)
(0.17402 0.0282912 0)
(0.174292 0.00682816 0)
(0.171332 -0.0170118 0)
(0.164766 -0.0436093 0)
(0.154198 -0.0734344 0)
(0.139222 -0.107081 0)
(0.119469 -0.1453 0)
(0.0946897 -0.189009 0)
(0.064938 -0.239182 0)
(0.0309125 -0.296478 0)
(-0.00549579 -0.360294 0)
(-0.0405215 -0.426891 0)
(-0.0680622 -0.486462 0)
(-0.0801434 -0.51986 0)
(-0.0697731 -0.497554 0)
(-0.0391809 -0.385647 0)
(-0.0098018 -0.162901 0)
(-0.00516529 0.0627236 0)
(-0.02116 0.151779 0)
(-0.0418035 0.205518 0)
(-0.0571486 0.232864 0)
(-0.0641985 0.242938 0)
(-0.0633963 0.24248 0)
(-0.0560472 0.235996 0)
(-0.043627 0.226333 0)
(-0.0275078 0.215206 0)
(-0.00883497 0.203593 0)
(0.0114866 0.19202 0)
(0.0327586 0.180731 0)
(0.0544457 0.1698 0)
(0.0761328 0.159201 0)
(0.0974906 0.148847 0)
(0.118247 0.138616 0)
(0.138167 0.128363 0)
(0.157034 0.117933 0)
(0.17464 0.107165 0)
(0.190779 0.0958884 0)
(0.205231 0.0839311 0)
(0.217765 0.0711135 0)
(0.228132 0.0572482 0)
(0.236056 0.0421359 0)
(0.241234 0.0255594 0)
(0.243329 0.00727518 0)
(0.241965 -0.0130016 0)
(0.236725 -0.0356143 0)
(0.227143 -0.0610002 0)
(0.212707 -0.0897373 0)
(0.192876 -0.12261 0)
(0.167124 -0.160678 0)
(0.135064 -0.205308 0)
(0.0967382 -0.258 0)
(0.0531799 -0.31971 0)
(0.0073294 -0.389091 0)
(-0.0348617 -0.459057 0)
(-0.0638404 -0.511705 0)
(-0.0684154 -0.513765 0)
(-0.0449763 -0.418935 0)
(-0.0129013 -0.186683 0)
(-0.00859917 0.0772403 0)
(-0.0312176 0.174999 0)
(-0.0560277 0.224813 0)
(-0.0706122 0.243349 0)
(-0.0730384 0.244093 0)
(-0.0654728 0.235609 0)
(-0.050464 0.222906 0)
(-0.0302678 0.208752 0)
(-0.00670073 0.194571 0)
(0.0188747 0.181025 0)
(0.0454747 0.168365 0)
(0.0723996 0.156617 0)
(0.0991513 0.145698 0)
(0.12537 0.135469 0)
(0.150786 0.125767 0)
(0.175187 0.116422 0)
(0.19839 0.107264 0)
(0.220228 0.0981245 0)
(0.240533 0.0888398 0)
(0.259134 0.0792485 0)
(0.27584 0.0691914 0)
(0.290443 0.0585087 0)
(0.302711 0.0470375 0)
(0.312379 0.0346082 0)
(0.31915 0.0210386 0)
(0.322684 0.00612601 0)
(0.322599 -0.0103705 0)
(0.318455 -0.0287375 0)
(0.309749 -0.0493515 0)
(0.2959 -0.0727283 0)
(0.276247 -0.099602 0)
(0.250047 -0.131041 0)
(0.21653 -0.16858 0)
(0.175074 -0.214285 0)
(0.125669 -0.270454 0)
(0.0698899 -0.338323 0)
(0.0125397 -0.41467 0)
(-0.0363669 -0.485306 0)
(-0.0616743 -0.516287 0)
(-0.0515146 -0.449188 0)
(-0.0175569 -0.215498 0)
(-0.0144471 0.0998373 0)
(-0.0456841 0.20485 0)
(-0.071847 0.24451 0)
(-0.0800979 0.24907 0)
(-0.0720464 0.237457 0)
(-0.0527548 0.21967 0)
(-0.0263237 0.200612 0)
(0.00426252 0.182457 0)
(0.0369276 0.165999 0)
(0.0703014 0.151384 0)
(0.103509 0.138481 0)
(0.136001 0.127051 0)
(0.167433 0.116832 0)
(0.197589 0.10757 0)
(0.226323 0.0990354 0)
(0.253528 0.0910172 0)
(0.279112 0.0833277 0)
(0.30298 0.0757962 0)
(0.325028 0.068266 0)
(0.345134 0.0605911 0)
(0.363151 0.0526326 0)
(0.378906 0.0442567 0)
(0.392197 0.0353304 0)
(0.402785 0.025719 0)
(0.410394 0.0152809 0)
(0.414695 0.00386119 0)
(0.415321 -0.00873122 0)
(0.411844 -0.0227133 0)
(0.403749 -0.0383826 0)
(0.390433 -0.0561572 0)
(0.371175 -0.0766548 0)
(0.345096 -0.100823 0)
(0.311141 -0.130136 0)
(0.268114 -0.166836 0)
(0.214924 -0.214065 0)
(0.151353 -0.275326 0)
(0.0799107 -0.351916 0)
(0.00913845 -0.436034 0)
(-0.0435556 -0.497989 0)
(-0.056322 -0.47133 0)
(-0.023727 -0.251149 0)
(-0.023556 0.135752 0)
(-0.0636153 0.239392 0)
(-0.081445 0.257526 0)
(-0.0716503 0.241985 0)
(-0.0437799 0.216108 0)
(-0.0064614 0.189491 0)
(0.0350976 0.165637 0)
(0.0778202 0.145371 0)
(0.119955 0.128476 0)
(0.160583 0.114426 0)
(0.199266 0.102665 0)
(0.235833 0.0927 0)
(0.270245 0.0841185 0)
(0.30253 0.0765869 0)
(0.332734 0.0698344 0)
(0.360898 0.0636397 0)
(0.387047 0.0578191 0)
(0.411183 0.0522166 0)
(0.433274 0.046697 0)
(0.453262 0.04114 0)
(0.471052 0.0354366 0)
(0.486517 0.0294846 0)
(0.499493 0.0231864 0)
(0.509781 0.0164452 0)
(0.517141 0.00916038 0)
(0.521273 0.00122166 0)
(0.521851 -0.00747863 0)
(0.518483 -0.0171086 0)
(0.510686 -0.027877 0)
(0.497881 -0.0400806 0)
(0.479354 -0.0541745 0)
(0.454188 -0.070887 0)
(0.421181 -0.0914181 0)
(0.378745 -0.117765 0)
(0.324873 -0.153171 0)
(0.257439 -0.202438 0)
(0.175662 -0.270963 0)
(0.0840339 -0.359392 0)
(-0.00205592 -0.449022 0)
(-0.0518907 -0.475706 0)
(-0.0290627 -0.296049 0)
(-0.0334251 0.193129 0)
(-0.0741323 0.267706 0)
(-0.0580894 0.245969 0)
(-0.0106309 0.207047 0)
(0.0473611 0.170053 0)
(0.106667 0.139407 0)
(0.163449 0.115429 0)
(0.216161 0.0970096 0)
(0.264434 0.0828219 0)
(0.308446 0.0717547 0)
(0.348573 0.0629674 0)
(0.385225 0.0558425 0)
(0.418779 0.0499292 0)
(0.449557 0.0448971 0)
(0.477815 0.0405004 0)
(0.503749 0.036553 0)
(0.527498 0.0329093 0)
(0.549148 0.0294532 0)
(0.568741 0.0260883 0)
(0.586272 0.0227332 0)
(0.601698 0.0193162 0)
(0.614937 0.0157733 0)
(0.625871 0.0120448 0)
(0.634345 0.00807352 0)
(0.640163 0.00380093 0)
(0.643103 -0.000837464 0)
(0.642885 -0.00589337 0)
(0.639161 -0.0114676 0)
(0.631541 -0.0176809 0)
(0.619532 -0.0247073 0)
(0.602501 -0.0328212 0)
(0.579606 -0.0424766 0)
(0.549672 -0.0544548 0)
(0.511 -0.0701453 0)
(0.461071 -0.0920697 0)
(0.396266 -0.124746 0)
(0.312268 -0.175561 0)
(0.20683 -0.253299 0)
(0.0856358 -0.357163 0)
(-0.0196494 -0.443387 0)
(-0.0232896 -0.345078 0)
(-0.0137676 0.25693 0)
(-0.0202923 0.256069 0)
(0.0757664 0.18493 0)
(0.177553 0.132926 0)
(0.263985 0.0973569 0)
(0.336406 0.0727182 0)
(0.397377 0.0558127 0)
(0.44893 0.0441889 0)
(0.492922 0.0360329 0)
(0.530931 0.0301415 0)
(0.564178 0.0257484 0)
(0.593576 0.0223622 0)
(0.619799 0.0196622 0)
(0.643346 0.0174346 0)
(0.664583 0.0155334 0)
(0.683771 0.0138554 0)
(0.701095 0.0123253 0)
(0.716674 0.0108857 0)
(0.730578 0.00949135 0)
(0.742831 0.00810536 0)
(0.753422 0.00669657 0)
(0.762305 0.00523789 0)
(0.769404 0.00370498 0)
(0.774615 0.00207525 0)
(0.777802 0.000327875 0)
(0.778812 -0.00155388 0)
(0.777449 -0.00361125 0)
(0.773472 -0.00586977 0)
(0.766604 -0.00837564 0)
(0.756496 -0.0112006 0)
(0.742689 -0.0144596 0)
(0.724553 -0.0183471 0)
(0.70117 -0.0232088 0)
(0.671117 -0.0296904 0)
(0.632064 -0.0390676 0)
(0.580056 -0.0540011 0)
(0.508587 -0.0801841 0)
(0.40794 -0.129088 0)
(0.264457 -0.217112 0)
(0.0916228 -0.338252 0)
(0.0361156 -0.345483 0)
(0.27635 0.144913 0)
(0.354055 0.123515 0)
(0.503992 0.0767618 0)
(0.614426 0.0473986 0)
(0.683969 0.0300848 0)
(0.731175 0.0195855 0)
(0.765751 0.0132304 0)
(0.792142 0.00938808 0)
(0.812994 0.00701656 0)
(0.830033 0.00549642 0)
(0.844355 0.00447532 0)
(0.856654 0.00375289 0)
(0.867382 0.00321324 0)
(0.876842 0.00278782 0)
(0.885239 0.00243485 0)
(0.892712 0.00212778 0)
(0.899354 0.00184887 0)
(0.905223 0.00158562 0)
(0.910352 0.00132876 0)
(0.914752 0.00107107 0)
(0.918416 0.000806701 0)
(0.921324 0.000530746 0)
(0.923441 0.000238915 0)
(0.924721 -7.26779e-05 0)
(0.92511 -0.000406996 0)
(0.924538 -0.000762101 0)
(0.922922 -0.00115256 0)
(0.920169 -0.00158056 0)
(0.916165 -0.00205328 0)
(0.910765 -0.00258445 0)
(0.903778 -0.00319689 0)
(0.894936 -0.00393023 0)
(0.883833 -0.00485674 0)
(0.869808 -0.00611627 0)
(0.851701 -0.00800223 0)
(0.827269 -0.0111913 0)
(0.791881 -0.0173793 0)
(0.735423 -0.0310112 0)
(0.630416 -0.0624798 0)
(0.445925 -0.124307 0)
(0.319059 -0.158314 0)
)
;

boundaryField
{
    movingWall
    {
        type            fixedValue;
        value           uniform (1 0 0);
    }
    fixedWalls
    {
        type            fixedValue;
        value           uniform (0 0 0);
    }
    frontAndBack
    {
        type            empty;
    }
}


// ************************************************************************* //
