/*--------------------------------*- C++ -*----------------------------------*\
| =========                 |                                                 |
| \\      /  F ield         | OpenFOAM: The Open Source CFD Toolbox           |
|  \\    /   O peration     | Version:  2.1.1                                 |
|   \\  /    A nd           | Web:      www.OpenFOAM.org                      |
|    \\/     M anipulation  |                                                 |
\*---------------------------------------------------------------------------*/
FoamFile
{
    version     2.0;
    format      ascii;
    class       volScalarField;
    location    "2";
    object      p;
}
// * * * * * * * * * * * * * * * * * * * * * * * * * * * * * * * * * * * * * //

dimensions      [0 2 -2 0 0 0 0];

internalField   nonuniform List<scalar> 
6561
(
9.22324e-09
-2.14076e-06
-6.41601e-05
-0.000183507
-0.000345838
-0.000538181
-0.000749163
-0.000969115
-0.00119008
-0.00140569
-0.00161094
-0.00180188
-0.00197552
-0.00212955
-0.00226227
-0.00237244
-0.00245914
-0.00252175
-0.00255981
-0.00257304
-0.00256122
-0.00252425
-0.00246204
-0.00237457
-0.00226185
-0.00212394
-0.00196095
-0.00177306
-0.00156055
-0.00132378
-0.00106325
-0.000779599
-0.000473638
-0.000146362
0.00020103
0.000567118
0.000950255
0.00134855
0.00175987
0.00218184
0.00261186
0.00304708
0.00348446
0.00392078
0.00435266
0.0047766
0.00518902
0.00558632
0.00596488
0.0063212
0.00665186
0.00695366
0.00722362
0.00745906
0.00765765
0.00781748
0.00793709
0.00801551
0.0080523
0.00804758
0.00800205
0.00791701
0.00779433
0.00763648
0.00744652
0.00722806
0.00698524
0.00672271
0.00644561
0.00615955
0.00587041
0.00558481
0.0053094
0.00505132
0.00481798
0.00461696
0.00445569
0.00434079
0.00427703
0.00426599
0.00429509
2.12313e-06
-2.66114e-08
-5.48761e-05
-0.000156219
-0.000292315
-0.000453979
-0.000632512
-0.000820179
-0.00101025
-0.0011971
-0.00137615
-0.00154369
-0.00169677
-0.00183308
-0.00195084
-0.00204868
-0.00212558
-0.00218076
-0.00221366
-0.00222388
-0.0022111
-0.00217514
-0.00211584
-0.00203313
-0.00192699
-0.00179746
-0.00164462
-0.00146867
-0.00126985
-0.00104854
-0.000805228
-0.000540534
-0.000255245
4.96813e-05
0.0003731
0.000713663
0.00106981
0.00143978
0.00182156
0.00221294
0.00261149
0.0030146
0.00341943
0.00382303
0.00422228
0.00461397
0.00499482
0.00536154
0.00571084
0.00603951
0.00634448
0.00662284
0.0068719
0.00708926
0.00727285
0.00742098
0.00753236
0.00760619
0.00764213
0.00764037
0.00760162
0.00752714
0.00741872
0.00727869
0.00710992
0.00691575
0.00670002
0.00646703
0.00622147
0.00596844
0.00571335
0.00546197
0.00522025
0.00499438
0.00479058
0.00461501
0.00447346
0.00437058
0.00430962
0.00429483
0.00432411
6.43097e-05
5.46962e-05
-5.67133e-07
-9.43568e-05
-0.00021687
-0.000360814
-0.000519313
-0.000685955
-0.00085505
-0.00102172
-0.00118188
-0.00133214
-0.00146975
-0.00159251
-0.00169867
-0.00178687
-0.00185603
-0.00190536
-0.00193422
-0.00194214
-0.00192877
-0.00189386
-0.00183723
-0.00175874
-0.00165836
-0.00153609
-0.001392
-0.00122626
-0.00103909
-0.000830846
-0.000601992
-0.00035312
-8.49761e-05
0.000201533
0.000505321
0.000825116
0.00115945
0.00150664
0.00186482
0.0022319
0.00260561
0.00298348
0.00336288
0.00374102
0.00411501
0.00448184
0.00483845
0.00518178
0.00550876
0.00581643
0.00610192
0.00636252
0.00659578
0.00679946
0.00697168
0.00711088
0.00721593
0.00728609
0.00732112
0.00732123
0.00728713
0.00722006
0.00712173
0.00699435
0.00684064
0.00666376
0.00646729
0.00625524
0.00603197
0.00580217
0.00557081
0.0053431
0.00512439
0.00492013
0.00473576
0.00457655
0.00444739
0.00435216
0.00429391
0.00427966
0.00431356
0.00018487
0.000156428
9.22278e-05
-2.49407e-06
-0.000120694
-0.000256294
-0.000403585
-0.000557245
-0.000712496
-0.000865171
-0.00101171
-0.00114913
-0.00127496
-0.00138719
-0.00148421
-0.00156471
-0.00162769
-0.00167233
-0.00169802
-0.00170427
-0.0016907
-0.00165703
-0.00160305
-0.0015286
-0.00143361
-0.00131806
-0.00118198
-0.00102551
-0.000848841
-0.000652291
-0.00043628
-0.000201357
5.17858e-05
0.000322302
0.000609173
0.000911205
0.00122701
0.00155502
0.00189346
0.00224037
0.00259359
0.00295081
0.00330952
0.00366709
0.00402079
0.00436776
0.00470513
0.00502997
0.0053394
0.0056306
0.00590086
0.00614764
0.00636859
0.00656163
0.00672498
0.00685718
0.00695717
0.00702428
0.0070583
0.00705947
0.00702849
0.00696654
0.00687529
0.00675687
0.00661384
0.00644921
0.00626638
0.00606912
0.0058615
0.00564789
0.00543288
0.00522125
0.00501788
0.00482766
0.00465546
0.00450598
0.00438363
0.00429201
0.00423432
0.00421871
0.00425148
0.000350528
0.000294132
0.000214303
0.000112901
-6.65764e-06
-0.000139374
-0.00028051
-0.00042576
-0.000571209
-0.000713389
-0.0008493
-0.00097639
-0.00109253
-0.00119595
-0.00128521
-0.00135917
-0.00141687
-0.00145758
-0.0014807
-0.00148576
-0.00147238
-0.00144026
-0.00138916
-0.00131893
-0.00122944
-0.00112065
-0.000992548
-0.000845231
-0.000678859
-0.000493693
-0.000290102
-6.85772e-05
0.000170254
0.000425613
0.000696562
0.000981988
0.0012806
0.00159092
0.00191128
0.00223984
0.00257455
0.00291321
0.00325347
0.00359282
0.00392864
0.00425822
0.00457882
0.00488764
0.00518194
0.005459
0.00571624
0.00595123
0.00616171
0.0063457
0.00650149
0.00662769
0.00672329
0.00678767
0.00682061
0.00682238
0.00679364
0.00673556
0.00664972
0.00653817
0.00640337
0.00624818
0.00607583
0.00588986
0.00569412
0.0054927
0.00528984
0.00508995
0.00489748
0.0047169
0.00455257
0.00440875
0.00428944
0.00419801
0.00413769
0.00411621
0.00413969
0.000549258
0.000459234
0.000358744
0.000246054
0.000120515
-1.3839e-05
-0.000153103
-0.000293902
-0.000433135
-0.000568006
-0.000696072
-0.000815236
-0.000923728
-0.00102007
-0.00110305
-0.00117167
-0.00122512
-0.00126273
-0.00128397
-0.0012884
-0.00127567
-0.00124546
-0.00119755
-0.00113173
-0.00104787
-0.000945876
-0.000825716
-0.000687427
-0.000531119
-0.000356996
-0.000165365
4.33515e-05
0.000268599
0.000509678
0.000765733
0.00103574
0.00131851
0.00161265
0.00191661
0.00222864
0.00254681
0.00286903
0.00319305
0.00351648
0.00383681
0.00415144
0.00445771
0.00475295
0.00503448
0.0052997
0.0055461
0.00577131
0.00597315
0.00614969
0.00629925
0.00642051
0.00651245
0.00657447
0.00660638
0.00660839
0.00658118
0.00652584
0.00644391
0.00633735
0.00620854
0.00606019
0.00589539
0.00571751
0.00553017
0.00533721
0.00514261
0.00495045
0.00476482
0.0045898
0.00442938
0.0042874
0.0041675
0.00407284
0.00400652
0.00397484
0.00398253
0.000770308
0.00064327
0.000518773
0.000391261
0.00025602
0.000116282
-2.47509e-05
-0.000164547
-0.000300755
-0.000431218
-0.000554035
-0.000667565
-0.000770416
-0.000861417
-0.000939597
-0.00100415
-0.00105442
-0.00108985
-0.00110998
-0.00111443
-0.00110287
-0.001075
-0.00103059
-0.00096943
-0.000891345
-0.000796212
-0.000683952
-0.000554548
-0.000408055
-0.000244609
-6.44453e-05
0.000132088
0.000344519
0.000572233
0.000814465
0.00107029
0.00133859
0.00161811
0.00190736
0.00220471
0.00250833
0.00281623
0.00312624
0.00343606
0.00374328
0.00404539
0.00433978
0.00462387
0.00489503
0.00515072
0.00538847
0.00560595
0.00580101
0.00597174
0.00611649
0.00623391
0.00632302
0.00638318
0.0064142
0.00641625
0.00638997
0.00633643
0.00625708
0.00615383
0.00602894
0.00588505
0.00572509
0.00555229
0.00537011
0.00518215
0.00499217
0.00480397
0.00462137
0.00444812
0.00428788
0.00414414
0.00402022
0.00391908
0.00384361
0.00379816
0.00378545
0.00100421
0.00083848
0.00068776
0.000542866
0.000395124
0.000247097
0.000101394
-4.02114e-05
-0.00017606
-0.00030459
-0.000424421
-0.000534362
-0.000633396
-0.000720671
-0.000795473
-0.000857208
-0.000905377
-0.000939558
-0.000959385
-0.000964536
-0.000954722
-0.000929678
-0.00088916
-0.000832946
-0.000760841
-0.000672679
-0.000568334
-0.000447732
-0.00031086
-0.000157784
1.13397e-05
0.000196247
0.000396552
0.000611734
0.000841121
0.00108388
0.00133901
0.00160532
0.00188145
0.00216584
0.00245675
0.00275229
0.00305036
0.00334875
0.0036451
0.00393695
0.00422178
0.00449701
0.00476006
0.00500842
0.00523962
0.00545134
0.00564145
0.005808
0.00594934
0.0060641
0.00615126
0.00621017
0.00624058
0.00624263
0.00621692
0.00616444
0.00608661
0.00598526
0.00586256
0.00572106
0.00556359
0.00539326
0.00521335
0.00502732
0.00483873
0.00465117
0.0044682
0.00429332
0.00412992
0.0039812
0.00385017
0.00373963
0.00365227
0.00359021
0.00355398
0.0012427
0.00103766
0.000859421
0.000695399
0.000533126
0.000374617
0.000221983
7.63142e-05
-6.13623e-05
-0.000190041
-0.000308836
-0.000416985
-0.000513848
-0.000598885
-0.000671648
-0.000731759
-0.000778894
-0.000812766
-0.000833115
-0.000839691
-0.000832251
-0.000810557
-0.00077437
-0.000723457
-0.000657593
-0.000576573
-0.000480219
-0.000368394
-0.000241015
-9.80685e-05
6.03722e-05
0.000234134
0.000422925
0.00062632
0.000843747
0.00107447
0.00131759
0.00157201
0.00183646
0.00210947
0.0023894
0.00267441
0.00296248
0.00325146
0.00353903
0.00382279
0.00410022
0.00436878
0.00462589
0.00486903
0.00509572
0.00530363
0.00549058
0.00565459
0.00579397
0.0059073
0.00599351
0.00605189
0.00608214
0.00608434
0.00605903
0.00600713
0.00593002
0.00582943
0.00570749
0.00556665
0.00540966
0.0052395
0.00505937
0.00487258
0.00468252
0.00449263
0.00430627
0.00412674
0.00395721
0.00380063
0.00365976
0.00353727
0.00343569
0.00335485
0.00329308
0.00147863
0.0012343
0.0010279
0.000843634
0.000665412
0.000494805
0.000333508
0.000181992
4.07063e-05
-8.98599e-05
-0.000209284
-0.000317219
-0.000413383
-0.000497547
-0.000569526
-0.000629159
-0.000676301
-0.000710806
-0.000732519
-0.000741271
-0.000736869
-0.000719101
-0.000687735
-0.000642527
-0.000583222
-0.000509573
-0.000421345
-0.000318335
-0.000200384
-6.73959e-05
8.06485e-05
0.000243671
0.000421478
0.000613748
0.00082001
0.00103963
0.00127181
0.00151554
0.00176966
0.00203277
0.0023033
0.0025795
0.00285939
0.00314087
0.00342166
0.00369937
0.0039715
0.00423549
0.00448877
0.00472877
0.00495297
0.005159
0.00534461
0.00550778
0.00564671
0.00575994
0.00584631
0.00590504
0.00593574
0.00593843
0.00591357
0.00586202
0.00578507
0.00568441
0.00556207
0.00542046
0.00526223
0.0050903
0.00490776
0.00471783
0.00452379
0.00432893
0.00413648
0.0039496
0.00377127
0.00360427
0.00345115
0.0033145
0.00319675
0.00309551
0.00300695
0.00170567
0.00142249
0.00118777
0.000982606
0.000787501
0.00060365
0.000432394
0.000273647
0.000127324
-6.5633e-06
-0.00012803
-0.00023712
-0.000333896
-0.000418431
-0.000490794
-0.00055104
-0.0005992
-0.000635269
-0.0006592
-0.000670901
-0.000670232
-0.000657008
-0.000631003
-0.000591958
-0.000539588
-0.000473599
-0.000393697
-0.000299608
-0.000191093
-6.79636e-05
6.9893e-05
0.0002225
0.000389769
0.000571483
0.000767278
0.000976627
0.00119882
0.00143297
0.00167799
0.00193256
0.00219519
0.00246417
0.0027376
0.0030134
0.0032893
0.00356293
0.00383178
0.00409327
0.00434477
0.00458368
0.00480742
0.00501352
0.00519967
0.00536374
0.00550385
0.00561843
0.00570622
0.00576633
0.00579829
0.00580203
0.0057779
0.00572669
0.00564963
0.00554831
0.00542473
0.00528119
0.00512032
0.00494496
0.00475813
0.00456299
0.00436273
0.00416056
0.00395963
0.00376298
0.00357347
0.00339376
0.00322624
0.00307353
0.00293799
0.00281508
0.00269896
0.00191817
0.00159686
0.00133394
0.00110761
0.000895062
0.000697196
0.000515049
0.00034802
0.000195535
5.71565e-05
-6.75385e-05
-0.000178965
-0.000277514
-0.000363546
-0.000437377
-0.00049927
-0.000549426
-0.000587977
-0.000614982
-0.000630425
-0.000634215
-0.000626193
-0.000606135
-0.000573766
-0.000528766
-0.000470792
-0.000399486
-0.000314498
-0.000215501
-0.000102214
2.55768e-05
0.000168002
0.000325082
0.000496712
0.000682637
0.000882438
0.00109551
0.00132107
0.00155809
0.00180538
0.00206148
0.00232475
0.00259333
0.00286516
0.003138
0.00340945
0.00367699
0.00393798
0.00418976
0.00442963
0.00465494
0.00486312
0.00505175
0.00521857
0.00536159
0.0054791
0.00556973
0.00563246
0.0056667
0.00567225
0.00564939
0.00559879
0.00552158
0.00541931
0.00529389
0.00514758
0.00498295
0.00480278
0.00461007
0.00440792
0.0041995
0.00398795
0.00377639
0.00356779
0.00336496
0.00317049
0.00298669
0.00281622
0.00266149
0.00251593
0.00237174
0.00211098
0.00175242
0.00146168
0.00121416
0.000983912
0.000771563
0.000577885
0.000401803
0.000242283
9.84712e-05
-3.04411e-05
-0.000145219
-0.000246566
-0.000335114
-0.000411415
-0.000475931
-0.000529026
-0.000570964
-0.000601902
-0.000621896
-0.0006309
-0.000628777
-0.000615301
-0.000590176
-0.000553046
-0.00050351
-0.000441143
-0.000365514
-0.000276205
-0.000172834
-5.50805e-05
7.72973e-05
0.000224436
0.000386344
0.000562884
0.000753748
0.000958442
0.00117627
0.00140632
0.00164744
0.00189829
0.00215724
0.00242249
0.00269199
0.00296351
0.00323462
0.00350276
0.00376525
0.00401934
0.00426225
0.00449122
0.00470354
0.00489667
0.00506821
0.00521601
0.00533822
0.00543329
0.00550008
0.00553783
0.00554622
0.00552539
0.00547592
0.00539884
0.00529559
0.00516803
0.00501837
0.00484912
0.00466306
0.00446314
0.00425246
0.00403417
0.00381142
0.00358731
0.00336481
0.00314674
0.00293565
0.00273385
0.00254411
0.00236897
0.0021999
0.00202723
0.00227939
0.00188455
0.00156653
0.00129801
0.00105002
0.000822956
0.000617343
0.000431663
0.000264449
0.000114453
-1.94957e-05
-0.000138495
-0.000243543
-0.00033553
-0.000415232
-0.000483296
-0.000540243
-0.000586456
-0.000622188
-0.000647559
-0.000662561
-0.000667073
-0.000660864
-0.000643611
-0.000614915
-0.000574314
-0.000521311
-0.000455387
-0.000376026
-0.000282744
-0.000175104
-5.27476e-05
8.45815e-05
0.000237015
0.000404534
0.000586949
0.000783876
0.000994722
0.00121867
0.00145466
0.00170139
0.00195733
0.00222067
0.00248939
0.00276125
0.0030338
0.00330443
0.0035704
0.00382885
0.00407691
0.00431167
0.00453029
0.00473006
0.00490842
0.00506304
0.00519188
0.00529321
0.00536572
0.00540846
0.00542097
0.00540323
0.00535569
0.00527926
0.00517531
0.0050456
0.00489229
0.00471787
0.00452508
0.00431688
0.00409638
0.00386676
0.00363121
0.00339284
0.00315469
0.00291962
0.00269022
0.00246883
0.00225843
0.00206174
0.00186835
0.00166681
0.00241897
0.00198892
0.00164426
0.00135508
0.0010895
0.000847674
0.000629912
0.000434272
0.000258879
0.000102109
-3.75542e-05
-0.000161521
-0.00027107
-0.000367336
-0.000451303
-0.000523797
-0.000585479
-0.000636847
-0.000678238
-0.000709828
-0.000731643
-0.000743569
-0.000745364
-0.000736673
-0.000717046
-0.000685958
-0.00064283
-0.000587051
-0.000518003
-0.000435088
-0.000337752
-0.000225513
-9.79849e-05
4.50899e-05
0.00020382
0.000378138
0.000567779
0.000772258
0.000990855
0.0012226
0.00146626
0.00172034
0.00198309
0.0022525
0.0025263
0.00280203
0.00307702
0.00334843
0.00361332
0.00386866
0.00411142
0.0043386
0.00454728
0.00473471
0.00489836
0.00503597
0.00514562
0.00522575
0.00527524
0.00529342
0.00528011
0.0052356
0.00516067
0.00505657
0.00492499
0.00476803
0.00458814
0.00438807
0.00417078
0.00393943
0.00369724
0.00344747
0.00319332
0.00293793
0.00268424
0.00243495
0.0021925
0.00196012
0.00174077
0.00152223
0.00129132
0.00252556
0.00206141
0.00169087
0.0013815
0.0010986
0.000842113
0.000612138
0.000406327
0.000222409
5.84057e-05
-8.75308e-05
-0.000217109
-0.000331872
-0.000433185
-0.00052223
-0.000599995
-0.000667274
-0.00072467
-0.000772592
-0.000811266
-0.000840741
-0.000860906
-0.000871499
-0.000872127
-0.000862283
-0.00084137
-0.000808724
-0.000763634
-0.000705374
-0.000633227
-0.000546511
-0.000444614
-0.000327018
-0.000193327
-4.32991e-05
0.000123129
0.000305815
0.000504392
0.000718244
0.000946492
0.00118798
0.00144127
0.00170465
0.00197611
0.00225339
0.00253398
0.00281514
0.00309396
0.00336738
0.00363222
0.00388528
0.00412337
0.00434337
0.00454231
0.0047174
0.00486616
0.0049864
0.00507634
0.00513461
0.00516033
0.0051531
0.00511304
0.00504076
0.00493739
0.00480454
0.00464422
0.00445887
0.00425122
0.00402429
0.00378127
0.00352548
0.00326028
0.00298901
0.00271492
0.00244112
0.00217046
0.00190552
0.00164985
0.00140673
0.00116215
0.000901208
0.00259522
0.00209814
0.00170254
0.00137353
0.0010737
0.000802771
0.000560639
0.000344562
0.00015189
-1.9702e-05
-0.000172375
-0.000308124
-0.000428742
-0.000535814
-0.000630705
-0.000714555
-0.000788281
-0.000852575
-0.000907914
-0.000954561
-0.000992584
-0.00102186
-0.00104211
-0.00105288
-0.00105362
-0.00104364
-0.00102219
-0.000988443
-0.000941567
-0.000880716
-0.000805075
-0.000713893
-0.000606509
-0.000482383
-0.000341132
-0.000182552
-6.65012e-06
0.000186329
0.000395885
0.000621236
0.000861312
0.00111474
0.00137984
0.00165463
0.00193683
0.0022239
0.00251304
0.00280124
0.00308529
0.00336189
0.00362763
0.00387912
0.00411301
0.00432606
0.00451523
0.00467775
0.00481116
0.00491338
0.00498279
0.00501823
0.00501908
0.00498521
0.00491709
0.00481568
0.00468247
0.00451941
0.00432889
0.00411367
0.00387679
0.00362153
0.00335132
0.00306966
0.00278006
0.00248594
0.00219064
0.00189717
0.00160836
0.00132809
0.00106003
0.000788406
0.000496565
0.00262417
0.00209539
0.00167562
0.00132761
0.00101131
0.000726254
0.000472115
0.00024577
4.42015e-05
-0.000135248
-0.000295046
-0.000437458
-0.000564519
-0.000678017
-0.00077949
-0.000870219
-0.000951231
-0.0010233
-0.00108696
-0.0011425
-0.00119
-0.00122932
-0.00126015
-0.00128198
-0.00129418
-0.00129599
-0.00128655
-0.00126494
-0.00123018
-0.00118129
-0.00111733
-0.0010374
-0.000940671
-0.000826465
-0.00069424
-0.000543643
-0.000374537
-0.00018703
1.85014e-05
0.000241388
0.000480651
0.000734991
0.00100278
0.00128205
0.00157054
0.00186565
0.00216452
0.00246404
0.00276088
0.00305154
0.00333245
0.00359995
0.00385046
0.00408044
0.00428656
0.00446572
0.00461516
0.00473246
0.00481569
0.0048634
0.00487467
0.00484914
0.00478704
0.00468917
0.00455687
0.00439202
0.00419696
0.00397445
0.00372759
0.00345976
0.00317453
0.00287556
0.00256656
0.00225122
0.00193308
0.00161543
0.00130135
0.000995147
0.000700899
0.000401059
7.72209e-05
0.00260882
0.00204962
0.00160662
0.0012403
0.000908077
0.000609277
0.000343355
0.000106815
-0.000103721
-0.000291235
-0.000458486
-0.000608004
-0.000742052
-0.000862611
-0.000971381
-0.00106977
-0.00115891
-0.00123965
-0.00131256
-0.00137795
-0.00143591
-0.00148627
-0.00152866
-0.00156255
-0.0015872
-0.00160177
-0.00160529
-0.00159671
-0.00157494
-0.00153885
-0.00148734
-0.00141936
-0.00133392
-0.00123017
-0.00110742
-0.000965139
-0.000803038
-0.000621075
-0.000419489
-0.000198824
4.00472e-05
0.00029591
0.000567198
0.000851987
0.001148
0.00145263
0.00176294
0.00207571
0.00238748
0.00269459
0.00299322
0.00327948
0.0035495
0.00379944
0.00402562
0.0042246
0.00439323
0.00452876
0.00462887
0.00469177
0.00471621
0.00470155
0.00464776
0.0045554
0.00442568
0.00426036
0.00406172
0.00383252
0.00357594
0.00329546
0.00299481
0.00267786
0.00234857
0.00201088
0.00166866
0.00132547
0.000984709
0.000651169
0.000329386
2.24035e-09
-0.000357202
0.00254572
0.00195742
0.0014922
0.00110832
0.000760783
0.000448679
0.000171256
-7.53515e-05
-0.000294874
-0.000490609
-0.000665601
-0.000822631
-0.00096418
-0.00109242
-0.00120919
-0.00131602
-0.00141414
-0.00150445
-0.00158757
-0.00166382
-0.00173326
-0.00179572
-0.00185076
-0.00189779
-0.00193598
-0.0019644
-0.00198195
-0.00198747
-0.00197972
-0.00195741
-0.0019193
-0.00186416
-0.00179084
-0.0016983
-0.00158567
-0.00145226
-0.00129759
-0.00112146
-0.00092396
-0.000705485
-0.000466787
-0.000208977
6.64526e-05
0.000357627
0.000662289
0.000977802
0.00130118
0.0016291
0.00195796
0.00228391
0.00260292
0.00291082
0.00320342
0.00347656
0.00372618
0.00394843
0.00413978
0.00429704
0.00441748
0.00449892
0.00453972
0.0045389
0.00449611
0.0044117
0.00428663
0.00412255
0.00392167
0.00368674
0.00342101
0.00312807
0.00281185
0.00247644
0.00212609
0.00176506
0.00139754
0.00102748
0.000658599
0.000296238
-5.45494e-05
-0.000415001
-0.000807221
0.00243155
0.00181557
0.00132918
0.000928553
0.000566341
0.000241424
-4.71724e-05
-0.000303677
-0.000532166
-0.000736244
-0.000919232
-0.00108416
-0.0012337
-0.00137022
-0.00149569
-0.00161176
-0.00171972
-0.00182055
-0.00191487
-0.00200302
-0.00208505
-0.00216073
-0.00222959
-0.00229094
-0.00234388
-0.00238735
-0.00242015
-0.00244098
-0.00244843
-0.00244109
-0.00241752
-0.00237632
-0.00231615
-0.00223579
-0.00213417
-0.00201041
-0.00186384
-0.00169409
-0.00150104
-0.00128496
-0.00104645
-0.000786484
-0.000506472
-0.000208218
0.00010605
0.000433694
0.000771675
0.00111658
0.00146467
0.0018119
0.002154
0.00248653
0.00280496
0.00310475
0.00338144
0.00363075
0.00384867
0.00403156
0.00417621
0.00427997
0.00434079
0.00435726
0.00432868
0.00425508
0.00413722
0.00397654
0.00377517
0.00353585
0.00326186
0.00295696
0.00262525
0.00227112
0.0018991
0.00151382
0.00111988
0.000721603
0.000323131
-6.9615e-05
-0.00045101
-0.000844255
-0.00127344
0.00226318
0.00162098
0.00111454
0.000698008
0.000321816
-1.53853e-05
-0.000314792
-0.000580991
-0.000818397
-0.00103092
-0.00122214
-0.00139532
-0.00155336
-0.00169875
-0.00183363
-0.00195974
-0.00207844
-0.00219074
-0.0022973
-0.00239846
-0.00249423
-0.00258435
-0.00266827
-0.00274523
-0.00281424
-0.00287411
-0.00292353
-0.00296103
-0.00298507
-0.00299405
-0.00298636
-0.0029604
-0.00291466
-0.00284769
-0.00275822
-0.00264515
-0.00250762
-0.00234503
-0.00215709
-0.00194387
-0.0017058
-0.00144372
-0.00115892
-0.000853103
-0.000528454
-0.000187595
0.000166401
0.000530043
0.00089945
0.0012704
0.00163836
0.00199861
0.00234626
0.00267637
0.00298403
0.00326449
0.00351322
0.00372604
0.00389922
0.00402959
0.00411457
0.0041523
0.00414165
0.00408229
0.00397467
0.00382004
0.00362039
0.00337843
0.00309748
0.00278144
0.00243462
0.0020617
0.00166758
0.00125728
0.000835828
0.000408016
-2.15699e-05
-0.000446362
-0.000860108
-0.00128809
-0.00175648
0.00203761
0.00137074
0.000845413
0.000413871
2.4428e-05
-0.000324495
-0.000634321
-0.000909988
-0.00115624
-0.00137729
-0.00157697
-0.00175877
-0.00192578
-0.00208067
-0.00222567
-0.00236263
-0.00249298
-0.00261776
-0.00273765
-0.00285298
-0.00296372
-0.00306956
-0.0031699
-0.00326388
-0.00335039
-0.00342815
-0.00349568
-0.0035514
-0.00359357
-0.00362044
-0.00363019
-0.00362103
-0.00359121
-0.0035391
-0.00346318
-0.00336212
-0.00323484
-0.0030805
-0.00289861
-0.002689
-0.00245193
-0.00218805
-0.00189851
-0.0015849
-0.00124932
-0.000894355
-0.000523093
-0.000139091
0.000253647
0.000650711
0.00104734
0.00143848
0.00181889
0.00218318
0.00252598
0.00284199
0.00312612
0.00337361
0.00358013
0.00374188
0.00385572
0.00391924
0.00393082
0.00388968
0.00379592
0.00365053
0.00345532
0.00321293
0.00292673
0.00260073
0.00223949
0.001848
0.00143152
0.000995547
0.000545588
8.69248e-05
-0.00037534
-0.000833935
-0.00128192
-0.00174679
-0.00225696
0.00175203
0.00106211
0.000519118
7.34987e-05
-0.000328432
-0.000688488
-0.00100832
-0.00129321
-0.00154824
-0.00177788
-0.00198624
-0.00217703
-0.00235351
-0.00251849
-0.00267435
-0.00282301
-0.00296595
-0.00310426
-0.00323862
-0.00336932
-0.00349633
-0.00361928
-0.00373747
-0.00384997
-0.00395556
-0.00405282
-0.00414015
-0.00421578
-0.00427784
-0.00432436
-0.00435333
-0.00436274
-0.00435062
-0.0043151
-0.00425441
-0.00416699
-0.00405147
-0.00390679
-0.00373219
-0.00352727
-0.00329206
-0.00302702
-0.0027331
-0.00241174
-0.00206493
-0.00169521
-0.00130564
-0.000899812
-0.000481848
-5.63274e-05
0.000371743
0.000797
0.0012138
0.00161633
0.00199866
0.00235495
0.00267946
0.00296679
0.00321192
0.00341038
0.00355836
0.0036528
0.00369151
0.0036732
0.00359754
0.00346517
0.00327769
0.00303762
0.00274835
0.00241401
0.00203939
0.0016298
0.00119096
0.000728808
0.000249417
-0.000241385
-0.000737934
-0.00123218
-0.00171645
-0.00222058
-0.00277541
0.00140379
0.00069253
0.000133156
-0.000325569
-0.000739194
-0.00110977
-0.00143918
-0.00173304
-0.00199675
-0.00223505
-0.00245232
-0.00265245
-0.0028389
-0.00301462
-0.00318209
-0.00334331
-0.00349982
-0.00365274
-0.00380274
-0.0039501
-0.00409475
-0.00423625
-0.00437384
-0.00450647
-0.00463283
-0.00475136
-0.00486031
-0.00495776
-0.00504163
-0.00510978
-0.00515997
-0.00518999
-0.0051976
-0.00518068
-0.00513721
-0.00506534
-0.00496344
-0.00483015
-0.00466444
-0.00446564
-0.00423351
-0.00396827
-0.00367065
-0.00334192
-0.00298391
-0.00259905
-0.00219037
-0.00176147
-0.00131655
-0.000860351
-0.000398114
6.44847e-05
0.000521406
0.000966346
0.00139285
0.00179442
0.00216466
0.00249743
0.00278696
0.00302801
0.003216
0.00334715
0.00341858
0.00342839
0.00337573
0.00326082
0.00308498
0.00285057
0.00256094
0.00222034
0.00183378
0.00140693
0.000945946
0.000457309
-5.23264e-05
-0.00057652
-0.00110899
-0.00164083
-0.00216356
-0.00270956
-0.00331223
0.000990474
0.00025965
-0.000314772
-0.000785594
-0.00121009
-0.00159055
-0.00192909
-0.00223166
-0.00250396
-0.002751
-0.00297739
-0.00318724
-0.00338417
-0.00357127
-0.00375111
-0.00392579
-0.00409688
-0.00426552
-0.00443239
-0.00459775
-0.00476147
-0.00492306
-0.00508167
-0.00523617
-0.00538511
-0.00552681
-0.00565936
-0.00578068
-0.0058885
-0.00598046
-0.00605412
-0.00610701
-0.00613666
-0.00614065
-0.00611668
-0.00606262
-0.00597651
-0.0058567
-0.00570184
-0.00551096
-0.0052835
-0.00501942
-0.00471917
-0.00438381
-0.00401496
-0.00361493
-0.00318663
-0.00273367
-0.0022603
-0.00177137
-0.00127235
-0.000769229
-0.000268444
0.000223205
0.000698678
0.00115081
0.00157248
0.00195673
0.00229695
0.00258705
0.00282156
0.00299589
0.00310633
0.00315028
0.00312626
0.00303398
0.0028744
0.00264964
0.00236297
0.00201872
0.00162212
0.00117922
0.00069662
0.000181395
-0.00035916
-0.000917939
-0.00148797
-0.00205943
-0.00262294
-0.00321363
-0.00386765
0.00050986
-0.000238667
-0.000826751
-0.00130862
-0.00174315
-0.00213284
-0.00248006
-0.00279107
-0.00307185
-0.00332771
-0.00356345
-0.00378339
-0.00399132
-0.00419044
-0.00438345
-0.00457249
-0.0047592
-0.00494472
-0.00512972
-0.00531446
-0.00549875
-0.00568203
-0.00586339
-0.00604157
-0.00621502
-0.00638192
-0.00654021
-0.00668762
-0.0068217
-0.00693988
-0.00703948
-0.00711777
-0.00717201
-0.00719951
-0.00719766
-0.00716398
-0.00709621
-0.00699234
-0.00685068
-0.0066699
-0.00644912
-0.00618796
-0.00588657
-0.00554572
-0.00516681
-0.00475193
-0.00430388
-0.0038262
-0.00332314
-0.00279966
-0.00226142
-0.0017147
-0.00116634
-0.000623641
-9.42525e-05
0.000413958
0.000893063
0.00133524
0.00173294
0.00207911
0.00236732
0.00259198
0.0027485
0.00283339
0.00284446
0.00278078
0.00264283
0.00243243
0.00215271
0.00180803
0.00140384
0.000946516
0.000443189
-9.84637e-05
-0.000670447
-0.00126492
-0.00187416
-0.00248733
-0.00309408
-0.00373248
-0.00444168
-4.00282e-05
-0.000804324
-0.00140463
-0.00189648
-0.00234016
-0.00273842
-0.00309386
-0.00341302
-0.0037022
-0.00396693
-0.00421225
-0.00444267
-0.00466212
-0.00487394
-0.0050809
-0.00528524
-0.00548861
-0.00569218
-0.00589663
-0.00610217
-0.00630857
-0.00651522
-0.00672111
-0.00692488
-0.00712488
-0.00731914
-0.00750543
-0.00768132
-0.00784415
-0.00799114
-0.00811936
-0.00822582
-0.0083075
-0.00836139
-0.00838456
-0.00837419
-0.00832765
-0.00824256
-0.00811684
-0.00794878
-0.00773712
-0.00748108
-0.00718048
-0.00683574
-0.00644797
-0.00601902
-0.0055515
-0.00504882
-0.00451519
-0.00395565
-0.00337599
-0.00278278
-0.00218323
-0.00158516
-0.000996835
-0.000426871
0.000115956
0.000622878
0.00108534
0.00149518
0.0018449
0.00212781
0.00233823
0.00247172
0.00252517
0.00249692
0.00238683
0.00219632
0.00192829
0.00158709
0.00117832
0.000708729
0.000185961
-0.000381653
-0.000985361
-0.00161652
-0.00226659
-0.00292361
-0.00357617
-0.00426553
-0.00503403
-0.000660916
-0.00143898
-0.00205003
-0.00255075
-0.00300269
-0.00340884
-0.00377201
-0.00409906
-0.00439653
-0.00467021
-0.00492534
-0.0051666
-0.00539809
-0.00562327
-0.00584499
-0.00606555
-0.00628665
-0.00650947
-0.00673468
-0.00696247
-0.00719257
-0.0074243
-0.00765657
-0.00788793
-0.0081166
-0.00834046
-0.00855715
-0.00876404
-0.00895829
-0.00913686
-0.00929659
-0.00943423
-0.00954644
-0.00962989
-0.0096813
-0.00969749
-0.00967544
-0.00961235
-0.00950572
-0.00935342
-0.00915375
-0.00890552
-0.00860811
-0.00826157
-0.00786665
-0.00742488
-0.00693863
-0.00641112
-0.00584647
-0.00524972
-0.00462678
-0.00398444
-0.00333028
-0.00267261
-0.00202033
-0.00138283
-0.000769784
-0.000190969
0.000343943
0.000825623
0.00124532
0.00159511
0.00186811
0.00205871
0.00216275
0.00217767
0.0021026
0.00193839
0.00168763
0.00135456
0.000944929
0.000465804
-7.46408e-05
-0.000667381
-0.00130285
-0.00197154
-0.002664
-0.00336703
-0.00406809
-0.00481183
-0.00564408
-0.00135425
-0.00214401
-0.00276429
-0.00327276
-0.00373205
-0.0041454
-0.00451582
-0.00485046
-0.00515611
-0.00543879
-0.00570395
-0.00595644
-0.00620049
-0.00643967
-0.00667694
-0.00691464
-0.00715453
-0.00739779
-0.0076451
-0.0078966
-0.00815201
-0.00841057
-0.00867111
-0.00893209
-0.00919161
-0.00944743
-0.00969701
-0.00993755
-0.010166
-0.0103791
-0.0105734
-0.0107454
-0.0108915
-0.011008
-0.0110911
-0.0111374
-0.0111435
-0.011106
-0.011022
-0.010889
-0.0107046
-0.0104673
-0.010176
-0.00983031
-0.00943046
-0.00897767
-0.00847396
-0.00792231
-0.00732668
-0.00669204
-0.00602435
-0.00533059
-0.00461867
-0.00389736
-0.00317621
-0.00246539
-0.00177549
-0.00111738
-0.000501931
6.02363e-05
0.000559006
0.000985054
0.00133012
0.00158725
0.00175106
0.0018179
0.00178596
0.00165544
0.00142846
0.00110905
0.000703024
0.000217756
-0.000338052
-0.000954653
-0.00162161
-0.00232847
-0.00306478
-0.00381601
-0.00456832
-0.00537009
-0.00627081
-0.0021212
-0.00292055
-0.0035485
-0.00406356
-0.00452929
-0.00494913
-0.00532631
-0.00566824
-0.00598196
-0.00627369
-0.00654907
-0.00681314
-0.00707024
-0.00732406
-0.00757765
-0.0078334
-0.00809311
-0.00835799
-0.0086287
-0.00890538
-0.00918769
-0.00947483
-0.00976555
-0.0100582
-0.0103508
-0.010641
-0.010926
-0.011203
-0.0114685
-0.0117192
-0.0119514
-0.0121612
-0.0123446
-0.0124977
-0.0126165
-0.0126968
-0.0127348
-0.0127269
-0.0126695
-0.0125596
-0.0123944
-0.0121718
-0.01189
-0.0115482
-0.0111463
-0.0106848
-0.0101655
-0.00959095
-0.00896494
-0.00829226
-0.00757887
-0.00683186
-0.0060594
-0.00527073
-0.00447598
-0.00368612
-0.00291271
-0.00216775
-0.00146337
-0.000811622
-0.00022411
0.00028828
0.000715716
0.00104972
0.00128347
0.00141199
0.00143241
0.00134401
0.00114831
0.000849033
0.000451945
-3.53204e-05
-0.000603545
-0.00124224
-0.00194003
-0.00268544
-0.00346693
-0.0042685
-0.00507491
-0.0059385
-0.00691274
-0.00296263
-0.0037694
-0.00440346
-0.00492395
-0.00539518
-0.00582079
-0.00620423
-0.00655314
-0.00687478
-0.00717559
-0.00746139
-0.00773735
-0.00800796
-0.00827702
-0.00854765
-0.00882232
-0.00910285
-0.00939048
-0.00968586
-0.00998914
-0.0102999
-0.0106174
-0.0109402
-0.0112666
-0.0115946
-0.0119215
-0.0122446
-0.0125607
-0.0128664
-0.0131578
-0.0134312
-0.0136823
-0.0139069
-0.0141005
-0.0142588
-0.0143773
-0.0144516
-0.0144775
-0.0144511
-0.0143686
-0.0142268
-0.0140229
-0.0137547
-0.0134205
-0.0130198
-0.0125526
-0.0120202
-0.0114247
-0.0107695
-0.0100593
-0.00929983
-0.00849828
-0.00766301
-0.00680365
-0.00593091
-0.00505651
-0.00419302
-0.00335358
-0.0025517
-0.00180091
-0.00111448
-0.000505013
1.59005e-05
0.000438036
0.000752888
0.000953967
0.00103705
0.00100033
0.00084454
0.000572903
0.000191044
-0.000293225
-0.000870198
-0.00152862
-0.00225615
-0.00304019
-0.00386802
-0.00472201
-0.00558539
-0.00651476
-0.00756783
-0.00387906
-0.0046911
-0.00532966
-0.00585441
-0.00633021
-0.00676088
-0.00715006
-0.00750562
-0.00783503
-0.00814492
-0.00844126
-0.00872939
-0.00901393
-0.00929877
-0.00958711
-0.00988149
-0.0101838
-0.0104952
-0.0108165
-0.0111477
-0.0114885
-0.011838
-0.0121947
-0.0125569
-0.0129224
-0.0132885
-0.0136523
-0.0140104
-0.0143592
-0.0146947
-0.0150127
-0.0153087
-0.0155783
-0.0158165
-0.0160185
-0.0161795
-0.0162946
-0.016359
-0.0163682
-0.0163179
-0.0162042
-0.0160236
-0.0157733
-0.0154511
-0.0150556
-0.0145863
-0.0140439
-0.01343
-0.0127476
-0.012001
-0.0111958
-0.010339
-0.00943927
-0.00850643
-0.00755175
-0.00658768
-0.00562775
-0.0046863
-0.00377825
-0.00291874
-0.0021228
-0.00140493
-0.000778695
-0.000256291
0.000151855
0.000437459
0.000594693
0.00062042
0.000514334
0.000278986
-8.0297e-05
-0.000555626
-0.00113686
-0.00181198
-0.00256761
-0.00338999
-0.00426507
-0.00517346
-0.00609671
-0.00709594
-0.00823344
-0.00487073
-0.00568584
-0.00632733
-0.00685518
-0.0073346
-0.00776959
-0.00816399
-0.00852585
-0.00886284
-0.00918175
-0.00948873
-0.00978925
-0.0100881
-0.0103891
-0.0106958
-0.0110106
-0.0113354
-0.0116717
-0.01202
-0.0123804
-0.0127526
-0.0131356
-0.0135281
-0.013928
-0.0143332
-0.0147409
-0.0151479
-0.0155508
-0.0159457
-0.0163284
-0.0166945
-0.0170393
-0.0173577
-0.0176446
-0.0178948
-0.0181028
-0.0182634
-0.0183711
-0.0184209
-0.0184078
-0.0183273
-0.0181751
-0.0179477
-0.0176422
-0.0172565
-0.0167894
-0.0162408
-0.0156118
-0.0149049
-0.0141238
-0.0132738
-0.012362
-0.0113968
-0.0103884
-0.00934841
-0.00829002
-0.00722767
-0.00617691
-0.00515411
-0.00417608
-0.00325976
-0.0024217
-0.00167765
-0.001042
-0.000527392
-0.000144187
9.98902e-05
0.00020007
0.00015475
-3.44295e-05
-0.000362631
-0.000822024
-0.0014021
-0.00209011
-0.00287161
-0.00373157
-0.00465453
-0.00561916
-0.00660512
-0.00767844
-0.00890621
-0.00593749
-0.00675353
-0.00739637
-0.00792616
-0.00840827
-0.00884686
-0.00924592
-0.0096137
-0.00995803
-0.0102859
-0.0106035
-0.0109166
-0.0112299
-0.0115476
-0.011873
-0.0122088
-0.0125569
-0.0129188
-0.0132951
-0.0136859
-0.0140908
-0.0145088
-0.0149386
-0.0153781
-0.015825
-0.0162765
-0.0167292
-0.0171796
-0.0176236
-0.0180568
-0.0184745
-0.0188716
-0.0192428
-0.0195826
-0.0198854
-0.0201451
-0.020356
-0.0205122
-0.0206078
-0.0206373
-0.0205953
-0.020477
-0.0202779
-0.0199944
-0.0196236
-0.0191635
-0.0186133
-0.0179732
-0.0172451
-0.0164323
-0.0155396
-0.0145736
-0.0135429
-0.0124575
-0.0113296
-0.0101729
-0.00900267
-0.00783571
-0.00668981
-0.00558355
-0.00453585
-0.00356547
-0.00269054
-0.00192794
-0.00129277
-0.000797804
-0.000452989
-0.000265058
-0.000237227
-0.000369046
-0.000656403
-0.0010917
-0.00166418
-0.0023604
-0.00316482
-0.00406108
-0.00503217
-0.00605466
-0.00710616
-0.00825786
-0.00958199
-0.0070789
-0.00789374
-0.0085364
-0.00906699
-0.00955086
-0.0099923
-0.0103955
-0.0107688
-0.0111202
-0.0114568
-0.011785
-0.0121106
-0.0124386
-0.0127731
-0.0131176
-0.0134748
-0.0138468
-0.014235
-0.0146401
-0.0150622
-0.0155009
-0.0159553
-0.0164239
-0.0169046
-0.0173951
-0.0178925
-0.0183933
-0.0188937
-0.0193896
-0.0198763
-0.0203489
-0.020802
-0.02123
-0.0216269
-0.0219866
-0.0223028
-0.022569
-0.0227787
-0.0229255
-0.0230031
-0.0230053
-0.0229266
-0.0227617
-0.0225061
-0.0221558
-0.0217082
-0.0211614
-0.0205151
-0.0197701
-0.0189291
-0.0179964
-0.0169782
-0.0158826
-0.0147199
-0.0135023
-0.0122441
-0.0109613
-0.00967186
-0.00839498
-0.00715102
-0.00596098
-0.004846
-0.00382676
-0.00292286
-0.0021522
-0.00153027
-0.00106963
-0.000779348
-0.000664608
-0.000726486
-0.000961883
-0.00136366
-0.00192096
-0.00261971
-0.00344331
-0.00437396
-0.00539302
-0.00647473
-0.00759446
-0.0088289
-0.0102557
-0.00829416
-0.00910574
-0.00974673
-0.010277
-0.0107617
-0.0112053
-0.011612
-0.0119903
-0.0123484
-0.0126935
-0.0130322
-0.0133703
-0.0137129
-0.0140643
-0.014428
-0.014807
-0.0152032
-0.0156181
-0.0160526
-0.0165067
-0.0169801
-0.0174719
-0.0179805
-0.018504
-0.0190397
-0.0195849
-0.0201358
-0.0206887
-0.0212391
-0.0217823
-0.022313
-0.0228256
-0.0233141
-0.0237721
-0.0241932
-0.0245705
-0.0248969
-0.0251654
-0.0253689
-0.0255002
-0.0255526
-0.0255196
-0.0253949
-0.0251732
-0.0248497
-0.0244205
-0.023883
-0.0232358
-0.0224789
-0.0216142
-0.0206452
-0.0195775
-0.018419
-0.0171796
-0.0158716
-0.0145096
-0.0131105
-0.011693
-0.0102779
-0.00888722
-0.00754417
-0.00627232
-0.00509512
-0.00403513
-0.00311332
-0.00234831
-0.00175563
-0.0013471
-0.00113029
-0.0011082
-0.00127909
-0.00163656
-0.00216985
-0.00286437
-0.00370247
-0.0046649
-0.00573124
-0.00687321
-0.00806371
-0.00938527
-0.0109213
-0.00958213
-0.0103885
-0.0110264
-0.0115553
-0.01204
-0.012485
-0.0128946
-0.0132775
-0.0136419
-0.0139951
-0.0143439
-0.0146942
-0.0150512
-0.0154194
-0.0158023
-0.0162029
-0.0166235
-0.0170654
-0.0175296
-0.0180162
-0.018525
-0.0190549
-0.0196045
-0.0201718
-0.0207542
-0.0213487
-0.0219517
-0.0225592
-0.0231665
-0.0237688
-0.0243606
-0.0249359
-0.0254885
-0.0260116
-0.0264983
-0.0269412
-0.0273327
-0.0276651
-0.0279307
-0.0281216
-0.0282301
-0.0282488
-0.0281708
-0.0279895
-0.0276991
-0.0272949
-0.026773
-0.0261311
-0.0253681
-0.0244849
-0.0234842
-0.0223709
-0.0211522
-0.0198378
-0.0184398
-0.016973
-0.0154547
-0.0139047
-0.0123449
-0.0107993
-0.00929309
-0.0078524
-0.00650359
-0.00527244
-0.00418331
-0.00325828
-0.00251628
-0.00197235
-0.00163693
-0.00151537
-0.0016077
-0.0019086
-0.00240768
-0.00309001
-0.00393693
-0.0049277
-0.00604001
-0.00724288
-0.00850649
-0.00991953
-0.0115714
-0.0109414
-0.0117407
-0.0123742
-0.0129008
-0.0133846
-0.0138302
-0.0142421
-0.0146289
-0.0149991
-0.01536
-0.0157184
-0.0160805
-0.0164516
-0.0168361
-0.0172379
-0.01766
-0.0181047
-0.0185735
-0.0190674
-0.0195867
-0.0201311
-0.0206996
-0.0212909
-0.0219029
-0.022533
-0.0231781
-0.0238347
-0.0244985
-0.0251648
-0.0258286
-0.0264841
-0.0271252
-0.0277451
-0.028337
-0.0288932
-0.0294061
-0.0298673
-0.0302687
-0.0306017
-0.0308577
-0.0310283
-0.0311051
-0.0310801
-0.0309458
-0.0306954
-0.030323
-0.0298235
-0.0291935
-0.0284308
-0.0275352
-0.0265084
-0.0253543
-0.0240795
-0.0226929
-0.0212064
-0.0196349
-0.0179959
-0.0163101
-0.0146004
-0.0128925
-0.0112136
-0.00959262
-0.00805884
-0.00664144
-0.00536847
-0.00426583
-0.00335634
-0.00265871
-0.00218676
-0.00194873
-0.00194689
-0.00217743
-0.00263065
-0.00329149
-0.00414039
-0.00515514
-0.00631145
-0.00757537
-0.00891416
-0.010423
-0.0121976
-0.0123701
-0.0131608
-0.0137886
-0.0143119
-0.0147941
-0.0152396
-0.0156531
-0.0160433
-0.0164186
-0.0167865
-0.017154
-0.0175272
-0.0179116
-0.0183119
-0.018732
-0.019175
-0.0196432
-0.0201385
-0.0206618
-0.0212135
-0.0217934
-0.0224007
-0.0230339
-0.023691
-0.0243694
-0.0250661
-0.0257773
-0.0264989
-0.027226
-0.0279532
-0.0286747
-0.0293841
-0.0300745
-0.0307383
-0.0313677
-0.0319545
-0.0324899
-0.032965
-0.0333705
-0.0336972
-0.0339356
-0.0340765
-0.034111
-0.0340305
-0.033827
-0.0334934
-0.0330235
-0.0324126
-0.0316572
-0.030756
-0.0297093
-0.0285203
-0.0271942
-0.0257395
-0.0241675
-0.0224927
-0.0207329
-0.0189092
-0.0170456
-0.0151692
-0.0133093
-0.0114974
-0.00976579
-0.00814729
-0.00667387
-0.00537564
-0.00427972
-0.00340904
-0.00278137
-0.0024084
-0.00229521
-0.00243999
-0.00283414
-0.00346276
-0.00430558
-0.00533891
-0.00653641
-0.00786099
-0.00927669
-0.0108855
-0.0127898
-0.0138663
-0.0146468
-0.015268
-0.0157872
-0.0162669
-0.0167116
-0.0171261
-0.0175189
-0.0178985
-0.0182727
-0.0186483
-0.0190318
-0.0194287
-0.0198438
-0.0202811
-0.020744
-0.021235
-0.0217559
-0.0223079
-0.0228914
-0.0235063
-0.0241519
-0.0248267
-0.025529
-0.026256
-0.0270047
-0.0277713
-0.0285515
-0.0293405
-0.0301328
-0.0309222
-0.0317021
-0.0324653
-0.033204
-0.0339099
-0.0345742
-0.0351877
-0.0357408
-0.0362237
-0.0366261
-0.0369379
-0.037149
-0.0372492
-0.0372291
-0.0370794
-0.0367918
-0.0363589
-0.0357744
-0.0350339
-0.0341343
-0.033075
-0.0318576
-0.0304864
-0.0289688
-0.0273154
-0.0255402
-0.0236609
-0.0216987
-0.0196787
-0.017629
-0.015581
-0.0135685
-0.0116271
-0.0097932
-0.00810294
-0.00659098
-0.00528917
-0.00422523
-0.00342146
-0.00289367
-0.00265038
-0.00269235
-0.0030126
-0.00359674
-0.00442401
-0.00546938
-0.00670439
-0.00808858
-0.00958251
-0.0112953
-0.0133363
-0.0154276
-0.0161968
-0.0168104
-0.0173248
-0.0178014
-0.0182447
-0.0186593
-0.0190539
-0.019437
-0.0198163
-0.0201991
-0.0205916
-0.0209996
-0.0214282
-0.0218815
-0.022363
-0.0228754
-0.0234206
-0.0239999
-0.0246141
-0.0252631
-0.0259461
-0.026662
-0.0274089
-0.0281842
-0.0289848
-0.029807
-0.0306464
-0.031498
-0.0323563
-0.0332149
-0.034067
-0.0349051
-0.035721
-0.036506
-0.037251
-0.0379462
-0.0385812
-0.0391457
-0.0396286
-0.040019
-0.0403058
-0.0404778
-0.0405245
-0.0404354
-0.0402009
-0.0398123
-0.039262
-0.038544
-0.037654
-0.0365896
-0.0353513
-0.0339419
-0.0323677
-0.0306383
-0.0287669
-0.0267708
-0.0246713
-0.0224939
-0.0202678
-0.018026
-0.0158048
-0.0136427
-0.01158
-0.00965697
-0.00791327
-0.00638587
-0.0051078
-0.00410655
-0.00340275
-0.00300906
-0.00292952
-0.00315932
-0.0036851
-0.00448592
-0.00553551
-0.00680332
-0.00824532
-0.00981833
-0.011639
-0.0138237
-0.0170516
-0.0178086
-0.0184139
-0.0189229
-0.0193958
-0.0198369
-0.0202509
-0.0206464
-0.0210319
-0.0214152
-0.0218036
-0.0222036
-0.0226212
-0.0230616
-0.023529
-0.0240272
-0.0245591
-0.0251268
-0.0257319
-0.0263751
-0.0270565
-0.0277757
-0.0285314
-0.0293218
-0.0301446
-0.0309965
-0.0318739
-0.0327724
-0.0336869
-0.0346116
-0.0355402
-0.0364656
-0.0373799
-0.0382748
-0.0391412
-0.0399694
-0.0407491
-0.0414694
-0.0421193
-0.042687
-0.0431606
-0.0435281
-0.0437776
-0.043897
-0.0438749
-0.0437005
-0.0433635
-0.042855
-0.0421674
-0.0412949
-0.0402337
-0.0389824
-0.0375426
-0.0359191
-0.0341201
-0.0321581
-0.0300495
-0.0278154
-0.0254813
-0.0230774
-0.020638
-0.0182014
-0.0158093
-0.0135054
-0.0113346
-0.00934162
-0.00756897
-0.00605551
-0.00483461
-0.00393244
-0.00336661
-0.0031452
-0.0032663
-0.00371813
-0.00447998
-0.00552461
-0.00681939
-0.00831657
-0.00996893
-0.0119009
-0.0142364
-0.0187355
-0.0194797
-0.0200764
-0.0205796
-0.0210482
-0.0214865
-0.021899
-0.0222944
-0.022681
-0.0230668
-0.0234591
-0.0238647
-0.0242898
-0.0247397
-0.025219
-0.0257316
-0.0262806
-0.0268685
-0.027497
-0.0281669
-0.0288787
-0.029632
-0.0304257
-0.0312581
-0.0321269
-0.0330289
-0.0339606
-0.0349175
-0.0358944
-0.0368855
-0.0378842
-0.0388833
-0.0398748
-0.0408498
-0.041799
-0.0427123
-0.0435787
-0.0443871
-0.0451255
-0.0457814
-0.0463423
-0.0467952
-0.0471269
-0.0473247
-0.0473757
-0.0472677
-0.0469893
-0.04653
-0.0458806
-0.0450337
-0.0439839
-0.0427281
-0.0412662
-0.0396014
-0.0377405
-0.0356946
-0.0334793
-0.0311148
-0.0286266
-0.0260452
-0.0234061
-0.0207495
-0.0181195
-0.0155637
-0.0131314
-0.0108723
-0.00883515
-0.00706497
-0.00560169
-0.00447782
-0.00371677
-0.00333154
-0.00332393
-0.00368445
-0.00439316
-0.00542216
-0.00673684
-0.00828561
-0.010017
-0.0120635
-0.0145566
-0.0204764
-0.0212077
-0.0217956
-0.0222928
-0.0227568
-0.0231917
-0.0236019
-0.0239958
-0.024382
-0.0247685
-0.0251627
-0.0255716
-0.0260016
-0.0264582
-0.0269465
-0.0274706
-0.0280338
-0.0286389
-0.0292878
-0.0299816
-0.0307211
-0.0315058
-0.0323351
-0.0332072
-0.03412
-0.0350704
-0.0360548
-0.0370686
-0.0381069
-0.0391636
-0.040232
-0.0413047
-0.0423734
-0.043429
-0.0444619
-0.0454614
-0.0464162
-0.0473146
-0.0481438
-0.0488909
-0.0495423
-0.0500843
-0.0505027
-0.0507836
-0.050913
-0.0508774
-0.050664
-0.0502608
-0.0496572
-0.0488438
-0.0478137
-0.0465619
-0.0450866
-0.0433891
-0.0414747
-0.0393528
-0.0370376
-0.0345486
-0.0319105
-0.029154
-0.0263151
-0.0234356
-0.020562
-0.0177453
-0.015039
-0.0124984
-0.0101781
-0.00813012
-0.00640148
-0.00503183
-0.00405131
-0.00347881
-0.00332078
-0.00357084
-0.00421048
-0.00521157
-0.00653773
-0.00813345
-0.00994268
-0.0121065
-0.0147641
-0.0222715
-0.0229903
-0.0235696
-0.0240607
-0.0245199
-0.0249507
-0.0253575
-0.0257487
-0.0261328
-0.0265178
-0.0269113
-0.0273207
-0.0277524
-0.0282126
-0.0287064
-0.0292383
-0.0298121
-0.0304307
-0.0310964
-0.0318107
-0.0325743
-0.0333874
-0.0342491
-0.035158
-0.0361121
-0.0371084
-0.0381432
-0.0392122
-0.0403101
-0.0414309
-0.0425679
-0.0437133
-0.0448587
-0.0459947
-0.0471113
-0.0481975
-0.0492416
-0.050231
-0.0511528
-0.051993
-0.0527375
-0.0533715
-0.05388
-0.054248
-0.0544604
-0.0545024
-0.0543598
-0.0540191
-0.0534681
-0.0526958
-0.0516933
-0.050454
-0.0489741
-0.0472529
-0.0452938
-0.0431044
-0.0406975
-0.038091
-0.0353089
-0.0323812
-0.0293445
-0.0262414
-0.0231206
-0.0200359
-0.0170452
-0.0142089
-0.011588
-0.00924176
-0.00722485
-0.00558489
-0.0043597
-0.0035751
-0.00324326
-0.00336189
-0.0039147
-0.00487392
-0.0062017
-0.00783857
-0.00972374
-0.0120071
-0.0148358
-0.0241179
-0.024825
-0.0253962
-0.0258816
-0.0263358
-0.026762
-0.0271644
-0.0275513
-0.0279311
-0.028312
-0.0287019
-0.0291084
-0.0295382
-0.0299979
-0.0304931
-0.0310285
-0.0316085
-0.0322363
-0.0329145
-0.033645
-0.0344288
-0.0352661
-0.0361565
-0.0370987
-0.0380908
-0.0391298
-0.0402123
-0.0413337
-0.0424889
-0.0436719
-0.0448755
-0.0460921
-0.0473129
-0.0485284
-0.0497281
-0.0509007
-0.052034
-0.053115
-0.05413
-0.0550645
-0.0559036
-0.0566317
-0.057233
-0.0576912
-0.0579902
-0.0581141
-0.0580471
-0.0577745
-0.0572823
-0.0565579
-0.0555906
-0.0543718
-0.0528957
-0.0511597
-0.049165
-0.0469174
-0.0444274
-0.0417117
-0.0387926
-0.0356996
-0.0324688
-0.0291435
-0.0257739
-0.0224164
-0.0191328
-0.0159886
-0.0130511
-0.0103871
-0.0080594
-0.00612443
-0.00462866
-0.00360594
-0.00307533
-0.00303976
-0.00348612
-0.00438772
-0.00570566
-0.00737663
-0.00933487
-0.0117395
-0.0147457
-0.0260126
-0.0267095
-0.0272738
-0.027754
-0.0282031
-0.0286242
-0.0290211
-0.0294019
-0.029775
-0.0301489
-0.0305316
-0.030931
-0.0313546
-0.0318091
-0.0323007
-0.0328347
-0.0334158
-0.0340476
-0.0347333
-0.035475
-0.036274
-0.037131
-0.0380457
-0.0390169
-0.040043
-0.041121
-0.0422476
-0.0434183
-0.0446279
-0.0458701
-0.0471381
-0.0484237
-0.049718
-0.0510113
-0.0522927
-0.0535506
-0.0547723
-0.0559444
-0.0570525
-0.0580817
-0.0590161
-0.0598394
-0.0605349
-0.0610855
-0.0614738
-0.0616827
-0.0616953
-0.0614953
-0.0610671
-0.0603966
-0.0594711
-0.0582802
-0.056816
-0.0550737
-0.0530525
-0.0507557
-0.048192
-0.0453759
-0.0423282
-0.0390769
-0.0356575
-0.0321133
-0.0284954
-0.0248625
-0.0212797
-0.0178174
-0.0145491
-0.0115491
-0.00888893
-0.00663446
-0.00484174
-0.00355388
-0.00279808
-0.00258378
-0.00290218
-0.00372855
-0.00502355
-0.00672015
-0.00874759
-0.0112745
-0.0144643
-0.0279529
-0.028642
-0.0292009
-0.0296766
-0.030121
-0.0305365
-0.0309265
-0.0312991
-0.0316628
-0.032026
-0.0323973
-0.0327851
-0.0331972
-0.0336411
-0.0341234
-0.03465
-0.0352262
-0.0358562
-0.0365434
-0.0372906
-0.0380994
-0.0389706
-0.0399044
-0.0408998
-0.0419552
-0.0430679
-0.0442345
-0.0454507
-0.046711
-0.0480093
-0.0493384
-0.0506902
-0.0520555
-0.0534243
-0.0547853
-0.0561267
-0.0574353
-0.0586972
-0.0598976
-0.0610207
-0.0620501
-0.0629688
-0.0637591
-0.064403
-0.0648822
-0.0651783
-0.0652731
-0.0651491
-0.064789
-0.0641772
-0.0632992
-0.0621426
-0.0606974
-0.0589567
-0.0569173
-0.0545804
-0.0519523
-0.0490451
-0.0458776
-0.0424761
-0.038875
-0.0351169
-0.0312534
-0.0273447
-0.0234587
-0.0196702
-0.0160588
-0.0127062
-0.00969301
-0.00709503
-0.00497889
-0.0033981
-0.00238942
-0.00197016
-0.00213716
-0.00286878
-0.00412594
-0.00583825
-0.00792987
-0.0105794
-0.0139586
-0.0299365
-0.0306208
-0.0311764
-0.031649
-0.032089
-0.0324983
-0.03288
-0.033242
-0.0335928
-0.0339413
-0.0342964
-0.034667
-0.0350616
-0.0354885
-0.0359548
-0.0364673
-0.0370318
-0.0376531
-0.0383353
-0.0390814
-0.0398936
-0.0407731
-0.0417202
-0.0427343
-0.0438138
-0.0449562
-0.0461582
-0.0474153
-0.0487223
-0.0500727
-0.0514594
-0.052874
-0.0543071
-0.0557484
-0.0571864
-0.0586088
-0.060002
-0.0613517
-0.0626424
-0.063858
-0.0649813
-0.0659945
-0.0668791
-0.0676163
-0.0681866
-0.0685708
-0.0687494
-0.0687034
-0.0684143
-0.0678647
-0.0670385
-0.0659213
-0.0645011
-0.0627689
-0.060719
-0.0583503
-0.0556664
-0.0526772
-0.0493991
-0.0458562
-0.0420811
-0.0381156
-0.0340108
-0.0298279
-0.0256369
-0.0215165
-0.0175518
-0.0138319
-0.0104465
-0.00748184
-0.00501597
-0.00311397
-0.00182356
-0.00117151
-0.00116181
-0.00177715
-0.00297971
-0.0046962
-0.00684579
-0.0096175
-0.0131915
-0.0319611
-0.0326448
-0.0331999
-0.0336709
-0.0341072
-0.0345098
-0.0348816
-0.0352301
-0.0355642
-0.035893
-0.0362261
-0.0365731
-0.0369434
-0.0373458
-0.0377886
-0.0382793
-0.0388243
-0.0394293
-0.0400989
-0.0408367
-0.0416453
-0.0425263
-0.0434803
-0.0445069
-0.0456047
-0.0467714
-0.0480035
-0.0492968
-0.0506458
-0.052044
-0.0534842
-0.0549576
-0.0564548
-0.0579651
-0.0594768
-0.060977
-0.0624519
-0.0638866
-0.0652653
-0.0665709
-0.067786
-0.0688918
-0.0698692
-0.0706984
-0.0713592
-0.0718312
-0.0720936
-0.0721264
-0.0719097
-0.0714244
-0.0706528
-0.0695787
-0.0681881
-0.0664697
-0.0644157
-0.0620223
-0.0592907
-0.0562279
-0.052848
-0.0491725
-0.0452318
-0.0410661
-0.0367257
-0.0322718
-0.0277761
-0.0233202
-0.0189942
-0.0148943
-0.0111192
-0.00776579
-0.00492432
-0.00267257
-0.00107068
-0.000156528
5.70821e-05
-0.000418442
-0.00154768
-0.00325511
-0.00545514
-0.00834771
-0.0121214
-0.0340253
-0.0347136
-0.0352718
-0.0357433
-0.0361766
-0.0365721
-0.0369318
-0.0372636
-0.0375763
-0.0378798
-0.0381842
-0.0385002
-0.0388381
-0.0392077
-0.0396183
-0.0400783
-0.0405952
-0.0411753
-0.041824
-0.0425454
-0.0433426
-0.0442178
-0.0451716
-0.0462041
-0.047314
-0.048499
-0.0497557
-0.0510798
-0.0524657
-0.053907
-0.0553961
-0.0569241
-0.0584813
-0.0600566
-0.0616381
-0.0632125
-0.0647656
-0.0662819
-0.0677451
-0.0691378
-0.0704416
-0.0716374
-0.0727051
-0.0736241
-0.0743734
-0.0749314
-0.0752766
-0.0753875
-0.0752429
-0.0748225
-0.0741067
-0.0730777
-0.0717195
-0.0700188
-0.0679653
-0.0655529
-0.0627801
-0.0596513
-0.0561774
-0.0523776
-0.0482796
-0.0439214
-0.0393518
-0.0346315
-0.0298328
-0.0250397
-0.0203466
-0.015856
-0.0116754
-0.00791255
-0.00467033
-0.00204029
-9.64236e-05
0.00111054
0.00155709
0.00124702
0.00021189
-0.00147144
-0.00371295
-0.00672416
-0.0107022
-0.036128
-0.0368275
-0.0373933
-0.0378679
-0.0382993
-0.0386869
-0.0390324
-0.0393434
-0.0396294
-0.0399007
-0.0401688
-0.0404451
-0.0407413
-0.0410685
-0.0414371
-0.0418567
-0.0423357
-0.0428814
-0.0434999
-0.0441961
-0.0449737
-0.0458349
-0.0467811
-0.0478124
-0.0489276
-0.0501246
-0.0513999
-0.0527492
-0.0541669
-0.0556462
-0.0571793
-0.0587572
-0.0603699
-0.062006
-0.063653
-0.0652975
-0.0669247
-0.0685187
-0.0700626
-0.0715385
-0.0729274
-0.0742095
-0.075364
-0.0763695
-0.0772042
-0.0778455
-0.0782709
-0.0784578
-0.0783837
-0.0780269
-0.0773664
-0.0763827
-0.075058
-0.0733767
-0.0713266
-0.068899
-0.0660897
-0.0629005
-0.0593393
-0.0554223
-0.0511744
-0.0466311
-0.041839
-0.0368575
-0.0317588
-0.0266284
-0.0215641
-0.016674
-0.0120739
-0.00788231
-0.00421508
-0.00117838
0.00113854
0.00267028
0.00338064
0.00326377
0.0023457
0.000703477
-0.00156905
-0.00469571
-0.00888211
-0.0382693
-0.0389881
-0.039567
-0.0400478
-0.0404785
-0.0408574
-0.0411858
-0.0414713
-0.0417241
-0.0419555
-0.0421781
-0.0424048
-0.0426488
-0.0429227
-0.0432383
-0.0436064
-0.0440368
-0.0445377
-0.045116
-0.0457775
-0.0465262
-0.0473651
-0.0482957
-0.0493183
-0.0504318
-0.0516342
-0.0529221
-0.0542907
-0.0557346
-0.0572466
-0.0588188
-0.0604418
-0.0621052
-0.0637974
-0.0655055
-0.0672156
-0.0689125
-0.0705797
-0.0722
-0.0737547
-0.0752243
-0.0765883
-0.0778253
-0.0789132
-0.079829
-0.0805497
-0.0810515
-0.0813108
-0.081304
-0.0810081
-0.0804006
-0.0794604
-0.078168
-0.076506
-0.0744598
-0.0720185
-0.0691754
-0.0659294
-0.0622855
-0.0582567
-0.0538651
-0.0491429
-0.0441343
-0.0388968
-0.0335016
-0.0280348
-0.0225965
-0.0172998
-0.0122678
-0.00762955
-0.00351399
-4.25547e-05
0.00267894
0.00456864
0.00557549
0.00568176
0.00490599
0.00332394
0.00103249
-0.00220539
-0.00660397
-0.0404503
-0.0411983
-0.041797
-0.0422877
-0.0427191
-0.0430883
-0.043396
-0.0436504
-0.0438622
-0.0440444
-0.0442109
-0.0443766
-0.0445563
-0.0447645
-0.0450147
-0.0453192
-0.0456891
-0.0461338
-0.0466613
-0.0472778
-0.0479882
-0.0487958
-0.0497024
-0.0507085
-0.0518133
-0.0530144
-0.0543084
-0.0556906
-0.057155
-0.0586944
-0.0603005
-0.0619637
-0.063673
-0.0654166
-0.0671811
-0.0689521
-0.0707139
-0.0724497
-0.0741415
-0.0757701
-0.0773155
-0.0787565
-0.0800709
-0.081236
-0.082228
-0.0830229
-0.0835961
-0.0839229
-0.0839787
-0.0837391
-0.0831805
-0.0822801
-0.0810169
-0.0793716
-0.0773276
-0.0748717
-0.0719949
-0.0686931
-0.0649686
-0.0608313
-0.0562998
-0.0514033
-0.0461831
-0.0406939
-0.0350054
-0.0292032
-0.0233889
-0.0176794
-0.0122045
-0.00710296
-0.00251662
0.0014173
0.00457531
0.00685735
0.00819521
0.0085569
0.00795108
0.00645052
0.00415401
0.000810181
-0.00380404
-0.0426736
-0.043463
-0.0440893
-0.0445944
-0.0450279
-0.0453858
-0.0456685
-0.0458847
-0.0460465
-0.0461683
-0.0462665
-0.0463579
-0.0464596
-0.0465882
-0.0467592
-0.0469867
-0.0472832
-0.0476595
-0.0481244
-0.0486852
-0.0493473
-0.0501143
-0.0509885
-0.0519703
-0.0530589
-0.054252
-0.055546
-0.0569358
-0.0584153
-0.0599769
-0.0616119
-0.0633103
-0.0650608
-0.0668509
-0.068667
-0.0704941
-0.072316
-0.0741153
-0.0758735
-0.0775708
-0.0791866
-0.080699
-0.0820852
-0.0833216
-0.0843838
-0.0852469
-0.0858854
-0.0862736
-0.0863859
-0.0861966
-0.0856809
-0.0848148
-0.0835754
-0.0819419
-0.0798959
-0.0774219
-0.0745086
-0.0711493
-0.0673434
-0.0630978
-0.0584277
-0.0533591
-0.0479298
-0.0421916
-0.0362117
-0.0300747
-0.0238824
-0.0177545
-0.0118263
-0.00624554
-0.00116658
0.00325742
0.00688441
0.00959441
0.0112998
0.0119516
0.0115461
0.0101508
0.00786498
0.00442156
-0.000411596
-0.0449435
-0.045789
-0.0464526
-0.046977
-0.047414
-0.0477586
-0.0480106
-0.04818
-0.0482806
-0.0483292
-0.0483446
-0.0483464
-0.0483545
-0.0483879
-0.0484644
-0.0486001
-0.0488092
-0.0491039
-0.0494942
-0.049988
-0.0505914
-0.0513085
-0.0521416
-0.0530912
-0.0541566
-0.0553351
-0.0566228
-0.0580146
-0.0595039
-0.0610826
-0.0627416
-0.0644704
-0.0662574
-0.0680895
-0.0699524
-0.0718308
-0.0737078
-0.0755655
-0.0773848
-0.0791454
-0.0808258
-0.0824037
-0.0838554
-0.0851568
-0.0862825
-0.0872069
-0.0879035
-0.0883458
-0.0885071
-0.0883606
-0.0878803
-0.0870409
-0.085818
-0.0841893
-0.0821344
-0.0796361
-0.0766806
-0.0732589
-0.0693678
-0.0650108
-0.0602003
-0.0549585
-0.0493197
-0.0433325
-0.0370613
-0.0305883
-0.024015
-0.0174625
-0.0110706
-0.00499488
0.000598399
0.00554029
0.00966947
0.0128446
0.0149562
0.0159357
0.0157637
0.0145001
0.0122428
0.00870731
0.0036519
-0.0472668
-0.0481862
-0.0488985
-0.0494478
-0.0498896
-0.0502176
-0.0504319
-0.0505438
-0.0505698
-0.0505297
-0.0504454
-0.0503401
-0.0502368
-0.0501575
-0.0501225
-0.0501504
-0.0502571
-0.0504563
-0.0507591
-0.0511744
-0.0517086
-0.0523663
-0.0531497
-0.0540595
-0.0550946
-0.0562522
-0.0575281
-0.0589165
-0.0604105
-0.0620015
-0.06368
-0.0654348
-0.0672538
-0.0691233
-0.0710285
-0.0729534
-0.0748806
-0.0767917
-0.0786667
-0.0804849
-0.082224
-0.0838611
-0.0853718
-0.0867311
-0.087913
-0.088891
-0.0896379
-0.090126
-0.0903276
-0.0902152
-0.0897612
-0.0889392
-0.0877236
-0.0860903
-0.0840174
-0.0814857
-0.0784795
-0.0749874
-0.0710035
-0.0665287
-0.061572
-0.0561522
-0.0503002
-0.0440607
-0.0374948
-0.0306821
-0.0237226
-0.0167378
-0.00987076
-0.00328368
0.00284623
0.00833459
0.0130005
0.0166797
0.019239
0.0205867
0.0206848
0.0195824
0.017374
0.013755
0.0084738
-0.0496535
-0.0506683
-0.0514426
-0.0520231
-0.0524704
-0.0527773
-0.0529444
-0.0529857
-0.0529208
-0.0527734
-0.0525698
-0.0523371
-0.0521022
-0.0518905
-0.0517256
-0.0516282
-0.0516165
-0.0517056
-0.0519078
-0.0522326
-0.0526872
-0.053276
-0.0540015
-0.0548642
-0.0558625
-0.0569933
-0.058252
-0.0596322
-0.0611263
-0.0627255
-0.0644192
-0.0661959
-0.0680428
-0.0699455
-0.0718887
-0.0738556
-0.0758283
-0.0777876
-0.079713
-0.081583
-0.0833748
-0.0850645
-0.0866273
-0.0880373
-0.0892677
-0.0902911
-0.0910794
-0.0916042
-0.0918367
-0.0917481
-0.0913101
-0.0904948
-0.0892753
-0.0876261
-0.0855237
-0.0829471
-0.0798787
-0.076305
-0.0722176
-0.0676146
-0.062502
-0.0568953
-0.0508218
-0.0443225
-0.0374548
-0.030295
-0.0229409
-0.0155134
-0.00815738
-0.00104063
0.0056499
0.0117151
0.0169542
0.0211792
0.0242307
0.0259911
0.0263998
0.025492
0.0233553
0.0196627
0.0141514
-0.0521174
-0.0532536
-0.0541056
-0.0547239
-0.0551766
-0.0554558
-0.0555637
-0.0555176
-0.0553418
-0.0550651
-0.0547189
-0.0543355
-0.0539461
-0.0535804
-0.053265
-0.0530237
-0.0528766
-0.0528404
-0.0529285
-0.0531511
-0.0535156
-0.0540266
-0.0546865
-0.0554951
-0.0564507
-0.0575495
-0.0587862
-0.0601539
-0.0616444
-0.0632478
-0.0649532
-0.0667482
-0.0686192
-0.0705513
-0.0725284
-0.0745331
-0.0765467
-0.0785493
-0.0805199
-0.0824361
-0.0842744
-0.0860102
-0.087618
-0.089071
-0.0903417
-0.0914018
-0.0922224
-0.0927741
-0.093027
-0.0929515
-0.0925178
-0.0916971
-0.0904611
-0.0887828
-0.0866374
-0.0840021
-0.0808574
-0.0771877
-0.0729825
-0.0682372
-0.062955
-0.0571481
-0.0508404
-0.0440689
-0.0368873
-0.0293683
-0.0216068
-0.0137219
-0.00585956
0.00180848
0.00908667
0.0157619
0.0216141
0.0264303
0.0300229
0.0322451
0.03301
0.032334
0.0302953
0.0265401
0.0207934
-0.0546776
-0.0559667
-0.0569147
-0.0575777
-0.058034
-0.0582762
-0.0583088
-0.0581542
-0.057843
-0.0574105
-0.0568946
-0.0563334
-0.0557638
-0.0552198
-0.0547319
-0.0543266
-0.0540263
-0.0538492
-0.0538097
-0.0539184
-0.054183
-0.0546077
-0.0551946
-0.0559432
-0.0568508
-0.0579132
-0.059124
-0.0604757
-0.0619592
-0.0635638
-0.0652778
-0.067088
-0.06898
-0.0709381
-0.0729455
-0.074984
-0.0770343
-0.0790756
-0.0810861
-0.0830429
-0.0849216
-0.0866969
-0.0883425
-0.0898308
-0.0911334
-0.0922213
-0.0930645
-0.0936327
-0.0938951
-0.0938208
-0.0933792
-0.0925399
-0.0912734
-0.0895516
-0.0873479
-0.0846379
-0.0814004
-0.0776178
-0.0732774
-0.0683722
-0.0629026
-0.0568778
-0.0503181
-0.043257
-0.035744
-0.0278481
-0.0196605
-0.0112983
-0.00290687
0.00533909
0.0132367
0.0205602
0.02707
0.0325281
0.0367165
0.0394558
0.0406282
0.0402272
0.0383165
0.0345113
0.0285221
-0.0573602
-0.0588402
-0.0599053
-0.0606196
-0.0610756
-0.0612672
-0.0612033
-0.0609135
-0.0604367
-0.0598165
-0.0590988
-0.0583289
-0.0575499
-0.0568009
-0.0561164
-0.055526
-0.0550541
-0.0547204
-0.0545398
-0.0545235
-0.0546787
-0.0550096
-0.0555172
-0.0562005
-0.057056
-0.0580782
-0.0592602
-0.0605932
-0.0620672
-0.0636707
-0.0653909
-0.0672138
-0.0691242
-0.0711055
-0.07314
-0.0752087
-0.0772915
-0.0793671
-0.0814127
-0.0834046
-0.0853177
-0.087126
-0.0888021
-0.0903178
-0.091644
-0.0927504
-0.0936064
-0.0941804
-0.0944409
-0.0943556
-0.0938929
-0.0930212
-0.0917096
-0.0899285
-0.0876499
-0.0848477
-0.081499
-0.0775843
-0.0730887
-0.0680027
-0.0623243
-0.0560595
-0.0492254
-0.0418517
-0.033984
-0.025687
-0.0170483
-0.00818181
0.000768324
0.00962571
0.0181816
0.0261982
0.0334175
0.0395755
0.0444223
0.0477422
0.0493815
0.0493055
0.0475579
0.0437168
0.0374755
-0.0602002
-0.0619173
-0.063124
-0.0638952
-0.0643429
-0.0644647
-0.0642762
-0.0638172
-0.0631374
-0.062291
-0.0613338
-0.0603195
-0.0592983
-0.058315
-0.0574081
-0.0566103
-0.055948
-0.0554419
-0.0551074
-0.0549555
-0.054993
-0.0552232
-0.0556465
-0.0562604
-0.0570605
-0.0580402
-0.0591912
-0.0605038
-0.0619668
-0.0635676
-0.0652924
-0.0671262
-0.0690528
-0.0710549
-0.0731137
-0.0752095
-0.0773213
-0.0794269
-0.0815028
-0.0835246
-0.0854662
-0.0873009
-0.0890005
-0.0905359
-0.091877
-0.0929928
-0.0938515
-0.0944207
-0.0946676
-0.094559
-0.0940618
-0.0931434
-0.0917713
-0.0899147
-0.0875437
-0.0846309
-0.0811512
-0.0770835
-0.0724104
-0.0671204
-0.0612084
-0.054678
-0.0475424
-0.039828
-0.0315761
-0.0228473
-0.0137248
-0.00431911
0.00522788
0.0147392
0.0240012
0.0327656
0.0407563
0.0476829
0.0532614
0.0572363
0.0594128
0.059721
0.0581785
0.0543177
0.0478109
-0.0632449
-0.0652554
-0.0666314
-0.0674629
-0.0678887
-0.0679135
-0.0675629
-0.066891
-0.0659617
-0.0648427
-0.0636015
-0.062302
-0.0610019
-0.059752
-0.0585953
-0.0575671
-0.0566953
-0.0560014
-0.0555008
-0.0552039
-0.0551165
-0.0552408
-0.0555757
-0.0561175
-0.0568603
-0.0577961
-0.0589153
-0.0602068
-0.0616581
-0.0632555
-0.064984
-0.0668275
-0.0687689
-0.0707898
-0.0728706
-0.0749907
-0.0771281
-0.0792599
-0.0813617
-0.0834083
-0.0853728
-0.0872276
-0.0889436
-0.090491
-0.0918387
-0.0929546
-0.0938062
-0.0943598
-0.0945816
-0.0944372
-0.0938923
-0.0929128
-0.091465
-0.0895162
-0.0870352
-0.0839927
-0.0803618
-0.0761191
-0.0712451
-0.0657259
-0.0595536
-0.0527285
-0.0452609
-0.0371728
-0.0285017
-0.0193034
-0.00965674
0.000332172
0.0105243
0.020743
0.0307713
0.0403511
0.0491886
0.0569669
0.0633655
0.0680853
0.0708836
0.0716479
0.0703615
0.0665003
0.0597096
-0.0665582
-0.0689309
-0.0705072
-0.0713982
-0.0717798
-0.0716686
-0.071106
-0.070165
-0.0689285
-0.0674808
-0.0659034
-0.0642715
-0.0626515
-0.0611002
-0.0596646
-0.0583824
-0.0572824
-0.0563862
-0.0557086
-0.0552585
-0.0550405
-0.0550551
-0.0552993
-0.0557678
-0.0564528
-0.0573448
-0.0584324
-0.0597031
-0.061143
-0.0627371
-0.0644692
-0.066322
-0.0682773
-0.0703157
-0.0724166
-0.0745585
-0.0767186
-0.0788729
-0.0809965
-0.0830629
-0.0850448
-0.0869136
-0.0886393
-0.0901912
-0.0915372
-0.0926445
-0.0934792
-0.0940069
-0.0941924
-0.0940001
-0.0933945
-0.09234
-0.0908014
-0.0887445
-0.0861362
-0.0829452
-0.0791428
-0.0747032
-0.0696046
-0.0638303
-0.0573694
-0.0502191
-0.0423857
-0.0338875
-0.0247571
-0.0150453
-0.00482612
0.00579941
0.016696
0.0276889
0.0385582
0.0490375
0.0588158
0.0675485
0.0748766
0.0804519
0.0839768
0.0852872
0.084321
0.0804829
0.0733829
-0.0702265
-0.0730458
-0.074856
-0.0757983
-0.0761003
-0.0757982
-0.0749563
-0.0736739
-0.0720581
-0.0702138
-0.0682388
-0.066221
-0.0642356
-0.0623454
-0.0606007
-0.0590407
-0.0576946
-0.0565828
-0.0557186
-0.0551092
-0.0547569
-0.0546598
-0.0548128
-0.0552084
-0.0558367
-0.0566862
-0.0577438
-0.0589953
-0.0604252
-0.062017
-0.0637533
-0.0656156
-0.0675845
-0.0696394
-0.071759
-0.0739206
-0.0761007
-0.0782743
-0.0804156
-0.0824975
-0.0844916
-0.0863684
-0.0880973
-0.0896465
-0.0909831
-0.0920731
-0.0928819
-0.0933737
-0.0935123
-0.0932608
-0.0925823
-0.0914397
-0.0897964
-0.0876162
-0.0848642
-0.0815072
-0.0775141
-0.0728567
-0.0675105
-0.0614556
-0.0546782
-0.0471713
-0.0389374
-0.02999
-0.0203565
-0.0100823
0.000765092
0.0120901
0.0237626
0.0356107
0.0474137
0.0588973
0.0697339
0.0795502
0.0879453
0.0945162
0.0989011
0.100873
0.10031
0.096525
0.0890811
-0.0743675
-0.0777373
-0.0798166
-0.0807894
-0.0809563
-0.0803851
-0.0791736
-0.0774564
-0.0753714
-0.0730484
-0.070604
-0.0681394
-0.0657386
-0.0634695
-0.0613849
-0.059524
-0.057915
-0.0565763
-0.0555184
-0.0547457
-0.0542575
-0.0540491
-0.0541125
-0.0544375
-0.055012
-0.055822
-0.0568525
-0.0580874
-0.0595096
-0.0611011
-0.062843
-0.0647156
-0.0666982
-0.0687694
-0.0709066
-0.0730863
-0.075284
-0.0774739
-0.0796293
-0.0817223
-0.0837237
-0.0856031
-0.087329
-0.0888688
-0.0901887
-0.0912537
-0.092028
-0.0924749
-0.0925569
-0.0922359
-0.0914735
-0.0902311
-0.0884705
-0.0861536
-0.0832436
-0.0797049
-0.075504
-0.0706099
-0.0649951
-0.0586363
-0.0515158
-0.0436224
-0.0349537
-0.0255176
-0.0153355
-0.004446
0.00709064
0.0191864
0.0317178
0.044518
0.0573669
0.0699845
0.0820267
0.0930904
0.102729
0.110476
0.115895
0.118679
0.118631
0.114941
0.107106
-0.0791429
-0.0831919
-0.0855733
-0.0865346
-0.086481
-0.0855296
-0.0838264
-0.0815535
-0.0788873
-0.0759866
-0.0729891
-0.0700091
-0.0671387
-0.0644493
-0.0619939
-0.0598105
-0.0579242
-0.0563497
-0.0550939
-0.0541569
-0.0535341
-0.0532172
-0.053195
-0.053454
-0.0539792
-0.0547544
-0.0557622
-0.0569845
-0.0584025
-0.0599964
-0.0617461
-0.0636304
-0.0656276
-0.0677151
-0.0698693
-0.0720658
-0.0742791
-0.0764827
-0.078649
-0.0807492
-0.0827534
-0.0846304
-0.0863478
-0.0878721
-0.0891687
-0.0902016
-0.0909339
-0.091328
-0.091345
-0.0909456
-0.0900901
-0.0887382
-0.0868498
-0.0843853
-0.0813054
-0.0775723
-0.0731496
-0.0680033
-0.0621026
-0.0554201
-0.0479336
-0.0396269
-0.0304918
-0.0205295
-0.00975415
0.00180427
0.0140947
0.0270386
0.0405224
0.0543865
0.0684151
0.0823246
0.0957561
0.108275
0.119384
0.128545
0.135229
0.139032
0.139653
0.13612
0.127832
-0.0847772
-0.0896654
-0.0923736
-0.0932457
-0.0928401
-0.0913501
-0.0889904
-0.086005
-0.082618
-0.0790214
-0.0753739
-0.0718026
-0.0684049
-0.0652529
-0.0623977
-0.0598727
-0.0576981
-0.055883
-0.0544287
-0.05333
-0.0525774
-0.0521581
-0.0520569
-0.0522568
-0.0527396
-0.0534864
-0.0544774
-0.0556924
-0.0571106
-0.0587108
-0.0604712
-0.0623694
-0.0643826
-0.0664869
-0.068658
-0.0708703
-0.0730977
-0.0753128
-0.0774872
-0.0795913
-0.0815944
-0.0834646
-0.0851687
-0.0866724
-0.08794
-0.0889349
-0.0896192
-0.0899539
-0.0898993
-0.0894148
-0.088459
-0.0869903
-0.0849669
-0.0823468
-0.0790888
-0.0751524
-0.0704983
-0.0650891
-0.05889
-0.0518692
-0.0439994
-0.0352583
-0.0256306
-0.0151097
-0.00370029
0.00857812
0.0216864
0.035559
0.0500955
0.0651488
0.0805117
0.0959017
0.110948
0.125186
0.138062
0.148951
0.157215
0.162323
0.163835
0.160552
0.151728
-0.0915881
-0.097514
-0.100551
-0.101197
-0.100237
-0.0979824
-0.094743
-0.0908429
-0.0865624
-0.0821291
-0.0777218
-0.0734765
-0.0694921
-0.065837
-0.0625561
-0.0596754
-0.0572066
-0.0551512
-0.0535028
-0.0522497
-0.0513762
-0.0508642
-0.0506939
-0.0508444
-0.0512941
-0.0520209
-0.0530028
-0.0542171
-0.0556413
-0.0572525
-0.0590274
-0.0609424
-0.0629735
-0.0650959
-0.0672842
-0.0695121
-0.0717527
-0.0739776
-0.0761579
-0.0782632
-0.0802621
-0.082122
-0.083809
-0.0852879
-0.0865224
-0.0874749
-0.0881066
-0.0883777
-0.0882471
-0.087673
-0.0866128
-0.0850233
-0.0828608
-0.0800815
-0.0766416
-0.0724981
-0.0676084
-0.0619315
-0.0554283
-0.0480619
-0.039799
-0.0306103
-0.0204724
-0.00936869
0.00270744
0.0157499
0.0297348
0.0446142
0.0603061
0.0766823
0.0935518
0.110641
0.127576
0.143861
0.158885
0.171925
0.182201
0.189021
0.191753
0.188874
0.179413
-0.100035
-0.107241
-0.110561
-0.110742
-0.108917
-0.105573
-0.101153
-0.0960782
-0.0906927
-0.0852585
-0.0799696
-0.0749638
-0.0703347
-0.066141
-0.0624155
-0.059172
-0.0564109
-0.0541226
-0.0522912
-0.0508968
-0.0499164
-0.0493259
-0.0491003
-0.0492143
-0.0496427
-0.0503603
-0.0513424
-0.0525644
-0.0540016
-0.0556296
-0.0574238
-0.0593594
-0.0614112
-0.0635535
-0.0657601
-0.068004
-0.0702573
-0.0724913
-0.0746762
-0.076781
-0.0787737
-0.080621
-0.0822885
-0.0837401
-0.084939
-0.0858467
-0.0864236
-0.0866289
-0.0864206
-0.0857558
-0.0845905
-0.08288
-0.0805789
-0.0776413
-0.0740213
-0.0696727
-0.06455
-0.0586081
-0.0518032
-0.0440929
-0.0354371
-0.0257986
-0.0151442
-0.00344574
0.00931727
0.0231553
0.0380642
0.0540188
0.070963
0.0887966
0.107356
0.126389
0.14553
0.164267
0.181929
0.197681
0.210572
0.219694
0.224146
0.221937
0.211718
-0.110801
-0.119573
-0.123022
-0.122328
-0.11916
-0.114265
-0.108258
-0.101679
-0.0949346
-0.0883134
-0.0820132
-0.0761624
-0.0708382
-0.0660804
-0.0619028
-0.0583015
-0.0552604
-0.0527565
-0.050762
-0.0492469
-0.0481801
-0.0475306
-0.0472679
-0.047362
-0.047784
-0.0485057
-0.0494997
-0.0507392
-0.0521979
-0.0538499
-0.0556693
-0.0576301
-0.0597063
-0.0618714
-0.0640983
-0.0663595
-0.0686263
-0.0708696
-0.0730589
-0.0751628
-0.0771486
-0.0789827
-0.0806299
-0.0820538
-0.0832167
-0.0840796
-0.0846022
-0.0847429
-0.0844587
-0.0837057
-0.0824387
-0.0806116
-0.0781774
-0.0750883
-0.071296
-0.0667516
-0.0614061
-0.0552106
-0.0481161
-0.0400743
-0.0310378
-0.0209605
-0.00979807
0.00249085
0.0159434
0.03059
0.0464509
0.0635305
0.0818075
0.101221
0.121652
0.142887
0.164592
0.186259
0.207174
0.226383
0.242728
0.255017
0.261972
0.260901
0.249824
-0.124945
-0.135576
-0.138781
-0.136511
-0.131263
-0.12416
-0.116029
-0.107535
-0.0991367
-0.0911279
-0.0836893
-0.0769212
-0.0708687
-0.0655404
-0.0609218
-0.0569843
-0.0536913
-0.0510023
-0.0488755
-0.0472696
-0.0461446
-0.0454621
-0.0451856
-0.0452808
-0.0457149
-0.0464567
-0.0474765
-0.0487456
-0.050236
-0.0519205
-0.0537722
-0.0557642
-0.0578697
-0.0600615
-0.0623119
-0.0645928
-0.0668752
-0.0691294
-0.0713245
-0.0734287
-0.075409
-0.0772313
-0.0788598
-0.0802579
-0.0813874
-0.0822086
-0.0826807
-0.0827614
-0.0824071
-0.0815728
-0.0802124
-0.0782784
-0.0757225
-0.072495
-0.0685453
-0.063822
-0.0582728
-0.0518445
-0.0444834
-0.0361349
-0.0267437
-0.0162542
-0.00461013
0.00824496
0.0223669
0.0378096
0.0546229
0.0728474
0.0925071
0.113596
0.136056
0.159745
0.184391
0.209532
0.234445
0.258079
0.279043
0.295781
0.306482
0.307405
0.295481
-0.144185
-0.156852
-0.158986
-0.153938
-0.145485
-0.135251
-0.124302
-0.113403
-0.103027
-0.0934338
-0.0847521
-0.0770246
-0.070243
-0.0643691
-0.0593489
-0.0551216
-0.0516251
-0.0487986
-0.0465846
-0.0449294
-0.0437834
-0.043101
-0.0428401
-0.0429619
-0.0434302
-0.0442113
-0.0452734
-0.0465861
-0.0481203
-0.0498476
-0.0517403
-0.0537709
-0.0559119
-0.0581357
-0.0604143
-0.0627191
-0.0650209
-0.0672895
-0.0694938
-0.0716019
-0.0735804
-0.0753947
-0.0770091
-0.0783865
-0.0794883
-0.0802745
-0.0807039
-0.0807337
-0.0803195
-0.0794159
-0.0779757
-0.0759505
-0.0732905
-0.0699446
-0.0658602
-0.0609833
-0.0552586
-0.0486291
-0.041036
-0.0324186
-0.0227139
-0.0118563
0.000223022
0.0135965
0.0283404
0.044535
0.0622637
0.0816108
0.102656
0.125462
0.150061
0.176412
0.204359
0.233547
0.26332
0.292595
0.31977
0.342851
0.359293
0.363804
0.351439
-0.171478
-0.185843
-0.185138
-0.175274
-0.161922
-0.147303
-0.132672
-0.118821
-0.106152
-0.0948222
-0.0848492
-0.0761794
-0.0687231
-0.0623764
-0.0570343
-0.0525968
-0.0489719
-0.0460767
-0.0438369
-0.0421866
-0.0410671
-0.040426
-0.0402161
-0.0403949
-0.0409236
-0.0417663
-0.0428898
-0.0442624
-0.0458543
-0.0476365
-0.0495806
-0.0516589
-0.0538435
-0.0561065
-0.0584199
-0.0607548
-0.0630818
-0.0653707
-0.0675904
-0.0697085
-0.0716917
-0.0735054
-0.0751136
-0.076479
-0.0775629
-0.0783251
-0.0787241
-0.0787167
-0.0782583
-0.0773027
-0.0758023
-0.0737076
-0.0709681
-0.0675312
-0.0633425
-0.0583461
-0.0524838
-0.045695
-0.0379164
-0.0290816
-0.0191202
-0.00795684
0.00448966
0.0183079
0.0335952
0.0504596
0.0690213
0.0894131
0.111779
0.13627
0.163027
0.192159
0.223684
0.257451
0.292998
0.329355
0.364841
0.397028
0.422431
0.433555
0.422297
-0.212239
-0.226301
-0.219028
-0.200944
-0.180234
-0.159607
-0.140314
-0.122987
-0.107804
-0.0946981
-0.0834997
-0.0740065
-0.0660149
-0.0593372
-0.0538071
-0.0492806
-0.0456344
-0.0427632
-0.0405775
-0.0390001
-0.0379648
-0.0374138
-0.0372963
-0.0375672
-0.0381861
-0.0391158
-0.0403222
-0.0417735
-0.0434392
-0.0452902
-0.0472982
-0.0494353
-0.0516737
-0.0539855
-0.0563426
-0.0587163
-0.0610773
-0.0633954
-0.0656395
-0.0677773
-0.0697755
-0.0715996
-0.0732135
-0.0745801
-0.0756605
-0.0764145
-0.0768004
-0.0767751
-0.0762935
-0.0753093
-0.0737743
-0.0716389
-0.0688513
-0.0653581
-0.0611037
-0.0560304
-0.0500775
-0.0431817
-0.0352759
-0.0262884
-0.0161424
-0.00475371
0.00797011
0.0221327
0.0378518
0.0552625
0.0745219
0.0958135
0.119352
0.145384
0.174188
0.206058
0.241263
0.279974
0.322113
0.36709
0.413456
0.458637
0.498155
0.521698
0.51608
-0.276617
-0.283845
-0.262399
-0.230623
-0.199179
-0.170641
-0.145763
-0.124643
-0.106966
-0.0922741
-0.0801105
-0.0700668
-0.0617976
-0.0550186
-0.0494987
-0.045051
-0.0415238
-0.0387936
-0.0367586
-0.0353344
-0.0344498
-0.0340443
-0.0340654
-0.0344672
-0.0352089
-0.0362534
-0.0375667
-0.0391172
-0.0408749
-0.042811
-0.0448975
-0.0471068
-0.0494116
-0.0517843
-0.054197
-0.0566213
-0.0590282
-0.0613878
-0.0636691
-0.0658401
-0.0678678
-0.0697176
-0.0713538
-0.0727394
-0.0738356
-0.0746023
-0.0749981
-0.0749795
-0.0745017
-0.0735183
-0.0719809
-0.0698395
-0.067042
-0.0635343
-0.05926
-0.05416
-0.0481721
-0.0412309
-0.033266
-0.0242022
-0.0139571
-0.0024398
0.0104517
0.0248336
0.0408409
0.0586327
0.0783994
0.100372
0.124834
0.152132
0.182692
0.217025
0.255719
0.299398
0.348606
0.403544
0.463632
0.526899
0.588421
0.635084
0.646397
-0.383822
-0.366202
-0.316299
-0.262774
-0.21633
-0.177962
-0.146961
-0.122212
-0.102501
-0.0867657
-0.0741575
-0.0640214
-0.0558591
-0.0492935
-0.0440378
-0.0398726
-0.0366275
-0.0341688
-0.0323897
-0.0312035
-0.0305386
-0.030335
-0.0305413
-0.0311128
-0.03201
-0.0331971
-0.0346413
-0.0363122
-0.0381806
-0.0402188
-0.0423996
-0.0446961
-0.0470817
-0.0495293
-0.0520117
-0.0545009
-0.0569684
-0.0593847
-0.0617192
-0.0639403
-0.0660152
-0.0679099
-0.0695888
-0.0710152
-0.0721507
-0.0729554
-0.073388
-0.0734053
-0.0729628
-0.0720141
-0.0705107
-0.0684028
-0.0656381
-0.0621623
-0.0579185
-0.052847
-0.0468848
-0.0399649
-0.0320154
-0.0229583
-0.0127079
-0.00116867
0.0117677
0.0262265
0.0423549
0.0603297
0.0803668
0.102735
0.127775
0.155924
0.187745
0.223974
0.265558
0.313692
0.369807
0.435443
0.511919
0.599332
0.693859
0.78207
0.835996
-0.578045
-0.481808
-0.377037
-0.291903
-0.226511
-0.177414
-0.14097
-0.113785
-0.0932371
-0.0774884
-0.0652662
-0.0556848
-0.0481252
-0.0421503
-0.0374461
-0.0337829
-0.0309889
-0.0289328
-0.0275122
-0.0266452
-0.0262651
-0.0263163
-0.0267512
-0.0275287
-0.0286121
-0.0299683
-0.0315667
-0.0333787
-0.035377
-0.0375351
-0.039827
-0.0422272
-0.0447097
-0.0472486
-0.0498172
-0.0523883
-0.0549341
-0.0574255
-0.0598326
-0.0621242
-0.0642681
-0.0662306
-0.0679767
-0.0694698
-0.0706722
-0.0715443
-0.072045
-0.0721316
-0.0717599
-0.0708835
-0.0694549
-0.0674238
-0.0647384
-0.0613444
-0.0571851
-0.0522007
-0.0463281
-0.0394997
-0.0316433
-0.02268
-0.0125228
-0.00107449
0.011776
0.0261576
0.042223
0.0601573
0.0801892
0.102608
0.127788
0.156223
0.188576
0.225761
0.26905
0.320232
0.38181
0.457257
0.551168
0.668068
0.809091
0.972497
1.13582
-0.980626
-0.631198
-0.415796
-0.29272
-0.211906
-0.157162
-0.120131
-0.0944262
-0.0759309
-0.062226
-0.0518428
-0.0438463
-0.0376272
-0.0327788
-0.0290219
-0.0261582
-0.0240429
-0.022567
-0.0216458
-0.0212121
-0.0212105
-0.0215949
-0.0223252
-0.0233664
-0.0246869
-0.0262578
-0.0280518
-0.0300433
-0.0322073
-0.0345195
-0.0369557
-0.0394917
-0.0421032
-0.0447651
-0.0474521
-0.0501379
-0.0527954
-0.0553963
-0.0579116
-0.0603107
-0.0625619
-0.0646322
-0.0664872
-0.0680909
-0.0694059
-0.0703933
-0.0710124
-0.0712211
-0.0709756
-0.0702301
-0.0689373
-0.0670477
-0.0645099
-0.0612703
-0.0572726
-0.0524577
-0.0467632
-0.0401226
-0.0324645
-0.0237112
-0.0137774
-0.00256758
0.0100268
0.0241315
0.0398953
0.0574981
0.0771623
0.0991697
0.123886
0.1518
0.18358
0.220172
0.262962
0.31404
0.376683
0.456229
0.561421
0.704676
0.903874
1.20993
1.67251
-1.70468
-0.781443
-0.375574
-0.226084
-0.150055
-0.104774
-0.0774484
-0.0600318
-0.0480245
-0.0392565
-0.0326256
-0.0275078
-0.0235273
-0.0204464
-0.018107
-0.0163972
-0.0152345
-0.0145553
-0.0143087
-0.0144525
-0.0149506
-0.0157717
-0.0168874
-0.0182717
-0.0199003
-0.0217502
-0.0237991
-0.0260253
-0.0284072
-0.0309233
-0.0335519
-0.0362708
-0.0390574
-0.0418885
-0.0447399
-0.0475868
-0.050403
-0.0531616
-0.0558343
-0.0583914
-0.0608022
-0.0630343
-0.0650541
-0.0668263
-0.0683143
-0.0694796
-0.0702824
-0.0706811
-0.0706326
-0.0700918
-0.069012
-0.0673446
-0.0650391
-0.0620428
-0.0583005
-0.0537545
-0.0483441
-0.0420049
-0.034668
-0.0262592
-0.0166974
-0.00589305
0.00625486
0.0198617
0.0350623
0.052017
0.070921
0.0920178
0.115618
0.14213
0.172105
0.206319
0.245911
0.292649
0.349495
0.421911
0.520805
0.668017
0.91623
1.44107
2.48752
)
;

boundaryField
{
    movingWall
    {
        type            zeroGradient;
    }
    fixedWalls
    {
        type            zeroGradient;
    }
    frontAndBack
    {
        type            empty;
    }
}


// ************************************************************************* //
