/*--------------------------------*- C++ -*----------------------------------*\
| =========                 |                                                 |
| \\      /  F ield         | OpenFOAM: The Open Source CFD Toolbox           |
|  \\    /   O peration     | Version:  2.1.1                                 |
|   \\  /    A nd           | Web:      www.OpenFOAM.org                      |
|    \\/     M anipulation  |                                                 |
\*---------------------------------------------------------------------------*/
FoamFile
{
    version     2.0;
    format      ascii;
    class       volScalarField;
    location    "0.5";
    object      p;
}
// * * * * * * * * * * * * * * * * * * * * * * * * * * * * * * * * * * * * * //

dimensions      [0 2 -2 0 0 0 0];

internalField   nonuniform List<scalar> 
6561
(
2.30754e-11
-2.34599e-06
-6.39513e-05
-0.000182211
-0.000342881
-0.00053311
-0.000741615
-0.000958836
-0.0011769
-0.00138951
-0.00159171
-0.0017796
-0.00195022
-0.00210128
-0.00223112
-0.00233848
-0.00242247
-0.00248247
-0.00251805
-0.00252891
-0.00251487
-0.00247579
-0.00241163
-0.00232237
-0.00220801
-0.00206864
-0.00190437
-0.0017154
-0.00150199
-0.00126453
-0.00100352
-0.000719594
-0.000413572
-8.6442e-05
0.000260601
0.000626149
0.00100856
0.00140597
0.00181626
0.00223708
0.00266584
0.00309973
0.00353576
0.00397071
0.00440125
0.00482392
0.00523516
0.00563142
0.00600912
0.00636477
0.00669502
0.00699665
0.00726674
0.00750261
0.00770196
0.00786289
0.00798392
0.0080641
0.00810297
0.00810064
0.00805779
0.00797568
0.00785617
0.00770168
0.00751522
0.00730036
0.00706118
0.00680229
0.00652877
0.00624615
0.00596033
0.00567776
0.00540509
0.00514941
0.00491806
0.00471858
0.00455837
0.00444402
0.00438034
0.00436899
0.00439761
2.2997e-06
-4.08472e-08
-5.44841e-05
-0.000154847
-0.00028948
-0.000449329
-0.000625683
-0.000810938
-0.000998421
-0.00118257
-0.00135885
-0.00152358
-0.00167386
-0.0018074
-0.00192243
-0.0020176
-0.0020919
-0.00214456
-0.00217504
-0.00218293
-0.00216794
-0.00212987
-0.0020686
-0.00198405
-0.00187621
-0.00174513
-0.00159092
-0.00141375
-0.0012139
-0.000991739
-0.00074776
-0.000482592
-0.000197021
0.000107999
0.000431327
0.000771623
0.00112734
0.00149672
0.00187778
0.00226832
0.00266595
0.00306806
0.00347186
0.00387441
0.00427264
0.00466336
0.00504333
0.00540928
0.00575796
0.00608621
0.00639095
0.00666931
0.00691863
0.00713653
0.00732094
0.00747018
0.00758297
0.0076585
0.00769643
0.00769693
0.0076607
0.00758895
0.00748347
0.00734654
0.00718098
0.00699011
0.00677771
0.00654803
0.00630572
0.00605581
0.0058037
0.00555505
0.00531582
0.0050921
0.0048901
0.00471595
0.0045754
0.0044731
0.00441233
0.00439734
0.00442613
6.40672e-05
5.42796e-05
-5.69113e-07
-9.343e-05
-0.000214601
-0.000356861
-0.000513382
-0.000677822
-0.000844545
-0.00100873
-0.00116631
-0.00131395
-0.00144893
-0.00156906
-0.00167261
-0.00175824
-0.00182489
-0.00187176
-0.00189823
-0.00190386
-0.00188828
-0.00185126
-0.00179261
-0.00171224
-0.0016101
-0.0014862
-0.00134063
-0.00117356
-0.000985221
-0.000775979
-0.000546297
-0.000296774
-2.81555e-05
0.000258652
0.000562568
0.000882324
0.00121646
0.00156331
0.00192103
0.00228753
0.00266057
0.0030377
0.00341632
0.00379367
0.00416688
0.00453297
0.00488893
0.0052317
0.00555826
0.00586566
0.00615106
0.0064118
0.00664541
0.00684971
0.00702279
0.00716313
0.00726957
0.0073414
0.00737835
0.00738062
0.00734892
0.00728444
0.00718887
0.00706441
0.00691371
0.0067399
0.00654653
0.00633756
0.0061173
0.0058904
0.00566178
0.0054366
0.00522018
0.00501792
0.00483522
0.00467733
0.00454912
0.00445447
0.00439643
0.00438198
0.00441527
0.000183514
0.000155016
9.13152e-05
-2.46081e-06
-0.000119354
-0.000253339
-0.00039876
-0.000550346
-0.000703366
-0.000853693
-0.000997804
-0.00113274
-0.00125606
-0.00136578
-0.00146028
-0.0015383
-0.00159882
-0.00164106
-0.00166439
-0.00166835
-0.00165256
-0.00161675
-0.00156072
-0.00148434
-0.00138751
-0.00127024
-0.00113259
-0.000974665
-0.000796701
-0.000599009
-0.000382015
-0.000146273
0.000107524
0.000378527
0.000665722
0.000967919
0.00128374
0.00161163
0.00194982
0.00229636
0.00264913
0.00300582
0.00336397
0.00372095
0.00407407
0.00442049
0.00475737
0.00508181
0.00539096
0.00568203
0.00595232
0.00619933
0.00642071
0.00661442
0.00677866
0.006912
0.00701338
0.00708213
0.00711802
0.00712128
0.0070926
0.00703314
0.00694454
0.00682888
0.00668872
0.00652701
0.00634712
0.00615276
0.00594798
0.0057371
0.00552468
0.00531543
0.00511421
0.00492588
0.00475526
0.00460704
0.00448561
0.00439454
0.00433706
0.00432122
0.00435326
0.000347442
0.000291189
0.00021205
0.000111676
-6.5531e-06
-0.000137676
-0.000276999
-0.000420257
-0.000563575
-0.000703517
-0.00083711
-0.000961828
-0.00107556
-0.00117655
-0.00126339
-0.00133492
-0.00139023
-0.00142856
-0.00144934
-0.00145211
-0.00143649
-0.0014022
-0.00134901
-0.00127676
-0.00118536
-0.00107475
-0.000944956
-0.000796068
-0.000628261
-0.000441801
-0.000237066
-1.45507e-05
0.000225113
0.000481147
0.000752613
0.0010384
0.00133723
0.00164763
0.00196795
0.00229634
0.0026308
0.00296914
0.00330902
0.00364796
0.00398337
0.00431257
0.00463283
0.00494139
0.00523553
0.00551257
0.00576994
0.00600522
0.0062162
0.00640089
0.0065576
0.00668496
0.00678194
0.00684792
0.00688269
0.00688649
0.00685999
0.0068043
0.00672101
0.00661212
0.00648006
0.00632766
0.00615811
0.00597492
0.00578189
0.00558306
0.00538265
0.00518503
0.00499462
0.00481584
0.00465303
0.00451043
0.00439201
0.00430113
0.00424101
0.00421929
0.004242
0.000543967
0.000454523
0.000354821
0.000243261
0.00011912
-1.36171e-05
-0.000151083
-0.000289934
-0.000427098
-0.000559808
-0.000685639
-0.000802514
-0.000908679
-0.00100267
-0.00108328
-0.00114953
-0.00120061
-0.00123586
-0.00125477
-0.0012569
-0.00124189
-0.00120947
-0.00115939
-0.00109149
-0.00100562
-0.000901703
-0.000779726
-0.000639731
-0.000481842
-0.000306269
-0.000113326
9.6555e-05
0.000322816
0.000564757
0.00082152
0.00109209
0.00137526
0.00166968
0.00197378
0.00228584
0.00260395
0.00292602
0.00324983
0.00357301
0.00389308
0.00420746
0.00451353
0.00480862
0.0050901
0.00535539
0.00560198
0.00582755
0.00602994
0.00620721
0.00635771
0.00648011
0.00657342
0.00663703
0.00667072
0.00667472
0.00664967
0.00659666
0.00651719
0.00641321
0.00628704
0.00614138
0.00597928
0.00580406
0.00561933
0.00542887
0.00523663
0.00504665
0.004863
0.00468973
0.00453079
0.00439001
0.00427099
0.00417689
0.0041108
0.00407891
0.00408586
0.000762362
0.000636253
0.00051285
0.000386639
0.000252907
0.000114849
-2.43622e-05
-0.000162218
-0.000296389
-0.000424736
-0.000545373
-0.000656674
-0.000757254
-0.000845954
-0.000921809
-0.000984023
-0.00103194
-0.00106502
-0.0010828
-0.00108492
-0.00107104
-0.0010409
-0.000994252
-0.000930908
-0.000850706
-0.000753532
-0.000639322
-0.000508069
-0.000359838
-0.000194778
-1.31318e-05
0.000184745
0.000398372
0.000627133
0.000870261
0.00112683
0.00139573
0.0016757
0.00196528
0.00226284
0.00256656
0.00287447
0.00318442
0.00349414
0.00380123
0.0041032
0.0043975
0.00468153
0.00495272
0.00520854
0.00544654
0.00566443
0.00586006
0.00603154
0.00617723
0.0062958
0.00638626
0.00644798
0.00648074
0.00648474
0.00646057
0.00640929
0.00633234
0.00623159
0.00610927
0.00596799
0.00581065
0.00564044
0.00546078
0.00527525
0.00508757
0.0049015
0.00472084
0.0045493
0.00439053
0.00424798
0.00412496
0.00402441
0.00394922
0.00390362
0.00389026
0.000993308
0.000828936
0.000679615
0.00053622
0.000390128
0.000243875
0.000100048
-3.95964e-05
-0.00017341
-0.000299844
-0.000417526
-0.000525271
-0.00062207
-0.000707074
-0.000779574
-0.000838981
-0.000884801
-0.000916616
-0.000934067
-0.000936841
-0.000924656
-0.000897257
-0.000854411
-0.000795909
-0.000721567
-0.000631233
-0.000524793
-0.000402186
-0.000263413
-0.00010855
6.22338e-05
0.000248666
0.000450354
0.000666771
0.000897241
0.00114093
0.00139684
0.00166378
0.0019404
0.00222516
0.00251633
0.00281202
0.00311017
0.00340858
0.00370491
0.00399673
0.00428154
0.00455679
0.00481993
0.00506846
0.00529996
0.00551211
0.00570279
0.0058701
0.00601237
0.00612826
0.00621675
0.00627719
0.0063093
0.00631326
0.00628961
0.00623934
0.00616385
0.00606493
0.00594475
0.0058058
0.0056509
0.00548309
0.00530566
0.00512202
0.00493568
0.00475022
0.00456917
0.004396
0.00423407
0.00408657
0.00395647
0.00384658
0.00375956
0.00369745
0.0036607
0.00122864
0.00102542
0.000848897
0.000686594
0.000526136
0.00036952
0.00021884
7.51776e-05
-6.04437e-05
-0.000187023
-0.000303676
-0.000409644
-0.000504285
-0.000587063
-0.000657528
-0.000715305
-0.000760072
-0.000791548
-0.000809476
-0.000813613
-0.000803726
-0.000779586
-0.000740965
-0.000687642
-0.000619407
-0.000536068
-0.000437461
-0.000323464
-0.000194009
-4.90956e-05
0.000111191
0.000286667
0.00047703
0.000681849
0.000900546
0.00113238
0.00137646
0.00163168
0.00189679
0.00217033
0.00245065
0.00273594
0.00302421
0.00331331
0.00360096
0.00388476
0.00416224
0.00443087
0.00468811
0.00493145
0.00515846
0.0053668
0.00555432
0.00571908
0.00585937
0.0059738
0.0060613
0.00612117
0.00615308
0.00615713
0.00613383
0.0060841
0.00600928
0.00591108
0.0057916
0.00565327
0.00549879
0.00533113
0.00515344
0.00496901
0.00478119
0.00459339
0.00440895
0.00423114
0.00406311
0.00390779
0.00376792
0.00364616
0.003545
0.00346424
0.00340213
0.00146129
0.00121925
0.00101491
0.000832599
0.000656376
0.000487798
0.000328551
0.000179106
3.99158e-05
-8.85283e-05
-0.0002058
-0.000311547
-0.000405485
-0.000487381
-0.000557046
-0.000614321
-0.000659059
-0.000691118
-0.000710346
-0.00071658
-0.000709636
-0.000689312
-0.000655389
-0.000607634
-0.000545808
-0.000469678
-0.000379026
-0.000273665
-0.000153452
-1.8305e-05
0.00013178
0.000296712
0.000476287
0.000670173
0.000877892
0.00109881
0.00133212
0.00157682
0.00183175
0.00209553
0.00236659
0.00264319
0.00292338
0.00320507
0.00348601
0.00376383
0.00403606
0.00430016
0.00455358
0.00479379
0.0050183
0.00522475
0.00541091
0.00557478
0.0057146
0.00582889
0.0059165
0.00597666
0.00600898
0.00601346
0.00599056
0.00594112
0.00586642
0.00576809
0.00564818
0.00550904
0.0053533
0.00518384
0.00500372
0.00481614
0.00462433
0.00443157
0.00424107
0.00405595
0.00387917
0.00371349
0.00356144
0.00342561
0.00330841
0.00320738
0.00311869
0.00168501
0.00140462
0.00117229
0.000969334
0.000776423
0.000594751
0.000425655
0.000269058
0.000124887
-6.83995e-06
-0.000126125
-0.000233004
-0.000327531
-0.00040977
-0.000479786
-0.000537631
-0.000583331
-0.000616884
-0.000638247
-0.000647332
-0.000644008
-0.000628101
-0.000599397
-0.000557649
-0.000502591
-0.000433944
-0.000351433
-0.000254799
-0.000143821
-1.83306e-05
0.000121771
0.000276492
0.00044573
0.000629258
0.000826702
0.00103753
0.00126103
0.00149632
0.00174229
0.00199767
0.00226095
0.00253044
0.00280426
0.00308035
0.00335646
0.00363025
0.00389922
0.00416083
0.00441248
0.00465159
0.00487561
0.0050821
0.00526875
0.00543348
0.00557442
0.00568999
0.00577895
0.00584044
0.00587395
0.00587942
0.00585719
0.00580804
0.00573316
0.00563414
0.00551293
0.00537184
0.00521343
0.00504052
0.00485611
0.00466331
0.00446531
0.00426527
0.00406632
0.00387147
0.00368358
0.00350527
0.00333892
0.00318714
0.00305227
0.00292975
0.00281371
0.00189425
0.00157621
0.00131604
0.00109215
0.000882005
0.000686476
0.000506609
0.000341821
0.000191555
5.53899e-05
-6.70801e-05
-0.000176256
-0.000272515
-0.000356207
-0.000427638
-0.000487066
-0.000534687
-0.000570634
-0.000594968
-0.000607677
-0.00060868
-0.000597827
-0.000574909
-0.000539664
-0.000491792
-0.000430965
-0.000356846
-0.000269103
-0.000167431
-5.15678e-05
7.86843e-05
0.000223437
0.000382697
0.000556344
0.000744114
0.000945581
0.00116014
0.00138699
0.00162512
0.00187334
0.00213021
0.00239409
0.00266315
0.00293533
0.00320842
0.00348006
0.00374773
0.00400884
0.00426075
0.00450078
0.00472633
0.00493484
0.00512391
0.00529132
0.00543508
0.00555351
0.00564523
0.00570925
0.00574496
0.00575217
0.00573112
0.00568251
0.00560743
0.00550741
0.00538432
0.00524042
0.00507822
0.00490049
0.0047102
0.00451042
0.00430427
0.00409489
0.00388536
0.00367863
0.0034775
0.00328452
0.003102
0.00293259
0.00277869
0.00263369
0.00248981
0.00208394
0.00172912
0.00144147
0.00119665
0.000968999
0.000759149
0.000567875
0.000394132
0.000236909
9.53759e-05
-3.12546e-05
-0.000143727
-0.000242728
-0.000328874
-0.000402705
-0.000464674
-0.00051514
-0.000554365
-0.000582508
-0.00059963
-0.000605693
-0.000600571
-0.000584054
-0.000555861
-0.000515654
-0.000463052
-0.000397652
-0.000319043
-0.00022683
-0.000120653
-2.09843e-07
0.000134721
0.000284258
0.000448396
0.000626983
0.000819703
0.00102606
0.00124534
0.00147664
0.00171883
0.00197055
0.00223021
0.00249601
0.00276591
0.00303771
0.00330901
0.00357728
0.00383987
0.00409406
0.00433708
0.00456621
0.00477879
0.00497227
0.0051443
0.00529275
0.00541576
0.00551183
0.00557979
0.00561891
0.00562886
0.00560977
0.0055622
0.00548717
0.00538611
0.00526084
0.00511354
0.00494671
0.00476307
0.00456557
0.00435727
0.00414129
0.00392076
0.00369874
0.00347819
0.0032619
0.00305242
0.00285202
0.00266348
0.00248932
0.002321
0.0021489
0.00224943
0.0018588
0.00154419
0.00127862
0.00103343
0.000809028
0.000605948
0.00042271
0.000257878
0.000110235
-2.13643e-05
-0.00013799
-0.000240621
-0.000330128
-0.000407271
-0.000472688
-0.000526891
-0.000570262
-0.000603055
-0.000625393
-0.00063728
-0.000638605
-0.000629153
-0.000608618
-0.00057662
-0.000532722
-0.000476447
-0.0004073
-0.000324791
-0.000228456
-0.000117884
7.262e-06
0.00014722
0.000302104
0.000471881
0.000656348
0.000855114
0.00106758
0.00129293
0.00153011
0.00177783
0.00203455
0.00229849
0.00256766
0.00283982
0.00311257
0.00338331
0.00364933
0.00390782
0.00415591
0.00439075
0.00460952
0.00480953
0.00498826
0.00514339
0.00527291
0.00537511
0.00544866
0.00549265
0.0055066
0.00549048
0.00544474
0.00537028
0.00526843
0.00514095
0.00498996
0.00481792
0.00462754
0.00442177
0.00420367
0.0039764
0.00374311
0.0035069
0.00327079
0.0030376
0.00280992
0.00259008
0.00238103
0.00218548
0.00199304
0.00179231
0.00238637
0.00196097
0.00162005
0.00133406
0.00107147
0.000832468
0.000617367
0.000424275
0.000251354
9.70183e-05
-4.02166e-05
-0.000161731
-0.000268777
-0.000362468
-0.00044377
-0.000513497
-0.000572301
-0.000620678
-0.000658964
-0.000687341
-0.000705844
-0.000714372
-0.0007127
-0.000700492
-0.000677319
-0.000642681
-0.000596023
-0.00053676
-0.0004643
-0.000378073
-0.000277547
-0.000162266
-3.18657e-05
0.000113892
0.000275098
0.000451673
0.00064334
0.000849609
0.00106976
0.00130282
0.00154756
0.00180251
0.00206592
0.0023358
0.00260992
0.00288583
0.00316089
0.00343229
0.00369713
0.00395242
0.00419514
0.00442234
0.00463112
0.00481877
0.00498278
0.00512091
0.00523125
0.00531227
0.00536285
0.00538233
0.00537051
0.00532768
0.0052546
0.00515251
0.00502308
0.00486838
0.00469084
0.00449316
0.0042783
0.00404936
0.00380955
0.0035621
0.00331019
0.00305692
0.00280523
0.00255779
0.00231702
0.00208614
0.00186811
0.00165073
0.00142088
0.00249068
0.0020316
0.00166511
0.00135915
0.00107943
0.000825917
0.00059873
0.000395573
0.000214222
5.27399e-05
-9.06811e-05
-0.000217715
-0.000329876
-0.000428505
-0.000514762
-0.000589622
-0.000653871
-0.000708105
-0.000752735
-0.000787993
-0.000813938
-0.000830473
-0.000837353
-0.000834206
-0.00082055
-0.000795813
-0.000759358
-0.000710503
-0.00064855
-0.00057281
-0.000482631
-0.000377426
-0.0002567
-0.000120082
3.2652e-05
0.000201549
0.000386456
0.000586996
0.000802551
0.00103224
0.00127492
0.00152915
0.00179324
0.0020652
0.00234279
0.00262353
0.00290471
0.00318345
0.00345671
0.00372137
0.00397426
0.00421221
0.00443215
0.00463112
0.00480639
0.00495547
0.00507622
0.00516686
0.00522604
0.00525288
0.00524697
0.00520843
0.00513788
0.00503641
0.0049056
0.00474747
0.0045644
0.00435912
0.0041346
0.00389401
0.00364064
0.00337781
0.00310885
0.00283698
0.00256529
0.00229661
0.0020335
0.0017795
0.00153787
0.00129466
0.00103503
0.00255847
0.00206685
0.00167559
0.00135021
0.00105373
0.000785927
0.000546705
0.000333387
0.000143377
-2.55998e-05
-0.000175663
-0.000308766
-0.000426671
-0.000530934
-0.000622898
-0.000703688
-0.000774209
-0.000835151
-0.000886989
-0.000929996
-0.000964247
-0.00098964
-0.00100591
-0.00101263
-0.00100926
-0.000995163
-0.0009696
-0.000931789
-0.000880919
-0.000816178
-0.000736782
-0.000642008
-0.000531222
-0.000403911
-0.000259711
-9.84374e-05
7.98877e-05
0.000275011
0.000486425
0.000713349
0.000954715
0.00120916
0.00147502
0.00175032
0.00203283
0.00232001
0.0026091
0.00289711
0.0031809
0.00345717
0.00372257
0.00397374
0.00420736
0.00442024
0.00460937
0.00477199
0.00490568
0.00500838
0.00507847
0.00511482
0.00511679
0.00508427
0.0050177
0.00491804
0.00478676
0.00462578
0.00443748
0.00422458
0.00399009
0.00373726
0.0034695
0.00319026
0.00290304
0.00261125
0.00231816
0.00202682
0.00173998
0.00146156
0.00119516
0.000925111
0.000634846
0.00258604
0.00206309
0.00164792
0.00130373
0.00099095
0.000709152
0.000458039
0.000234557
3.57477e-05
-0.000140991
-0.000298076
-0.000437732
-0.000561956
-0.000672507
-0.000770897
-0.000858392
-0.000936008
-0.00100451
-0.00106444
-0.0011161
-0.00115956
-0.00119472
-0.00122127
-0.00123875
-0.00124654
-0.00124391
-0.00123004
-0.00120404
-0.00116496
-0.00111187
-0.00104384
-0.00096001
-0.000859595
-0.000741929
-0.000606499
-0.000452973
-0.000281229
-9.13886e-05
0.000116165
0.000340759
0.000581418
0.00083685
0.00110544
0.00138524
0.00167401
0.00196918
0.00226792
0.00256715
0.00286357
0.00315375
0.00343412
0.00370109
0.0039511
0.00418066
0.00438648
0.00456549
0.00471493
0.00483245
0.00491611
0.00496448
0.00497663
0.00495223
0.00489149
0.00479519
0.00466467
0.00450179
0.00430884
0.00408858
0.00384408
0.00357867
0.0032959
0.0029994
0.00269286
0.00237993
0.00206413
0.00174873
0.00143679
0.00113259
0.000840192
0.00054214
0.000220133
0.00256984
0.0020168
0.00157864
0.00121632
0.000887774
0.000592356
0.000329569
9.59909e-05
-0.000111689
-0.000296391
-0.000460823
-0.000607465
-0.000738541
-0.000856
-0.000961517
-0.00105648
-0.00114202
-0.00121896
-0.00128789
-0.00134912
-0.00140276
-0.00144865
-0.00148646
-0.00151566
-0.00153557
-0.00154536
-0.00154411
-0.0015308
-0.00150436
-0.00146373
-0.00140782
-0.00133562
-0.00124619
-0.00113869
-0.00101246
-0.000866998
-0.000702034
-0.000517537
-0.000313757
-9.12429e-05
0.000149135
0.000406168
0.000678301
0.000963629
0.0012599
0.00156452
0.0018746
0.00218696
0.00249816
0.00280458
0.00310246
0.00338795
0.00365721
0.00390645
0.00413204
0.00433056
0.0044989
0.00463434
0.00473458
0.00479784
0.0048229
0.00480911
0.00475643
0.00466544
0.00453732
0.0043738
0.00417715
0.00395012
0.00369583
0.00341775
0.00311956
0.00280513
0.00247835
0.00214316
0.00180339
0.00146259
0.00112412
0.000792757
0.000473005
0.000145621
-0.000209494
0.00250648
0.00192465
0.00146448
0.00108477
0.000741029
0.00043242
0.000158234
-8.53173e-05
-0.000301888
-0.000494709
-0.000666768
-0.000820794
-0.000959226
-0.0010842
-0.00119753
-0.00130073
-0.00139501
-0.00148128
-0.00156014
-0.00163195
-0.00169676
-0.00175443
-0.00180455
-0.00184654
-0.00187963
-0.00190291
-0.00191532
-0.00191573
-0.00190295
-0.00187574
-0.00183289
-0.00177319
-0.00169554
-0.00159895
-0.00148255
-0.00134569
-0.00118792
-0.00100904
-0.000809163
-0.000588688
-0.000348367
-8.93061e-05
0.000187014
0.000478734
0.000783618
0.00109906
0.0014221
0.00174946
0.00207757
0.00240263
0.00272064
0.0030275
0.00331905
0.00359118
0.00383987
0.00406133
0.00425204
0.00440885
0.00452908
0.00461055
0.00465164
0.00465139
0.00460944
0.00452614
0.00440244
0.00423998
0.00404094
0.00380806
0.00354453
0.00325395
0.00294018
0.0026073
0.00225952
0.00190107
0.00153612
0.00116857
0.000802137
0.000442121
9.35476e-05
-0.000264692
-0.000654566
0.00239271
0.00178344
0.0013023
0.000905966
0.000547671
0.00022635
-5.89187e-05
-0.000312277
-0.000537719
-0.000738779
-0.000918716
-0.0010805
-0.00122678
-0.00135985
-0.00148168
-0.00159389
-0.00169777
-0.00179428
-0.00188406
-0.00196745
-0.00204452
-0.00211506
-0.00217864
-0.00223458
-0.00228204
-0.00231998
-0.00234725
-0.00236258
-0.00236463
-0.002352
-0.0023233
-0.00227718
-0.00221234
-0.0021276
-0.00202191
-0.00189441
-0.00174449
-0.00157175
-0.00137614
-0.0011579
-0.000917634
-0.000656334
-0.000375384
-7.65776e-05
0.00023788
0.000565376
0.000902905
0.00124709
0.00159424
0.00194034
0.00228119
0.00261237
0.00292942
0.00322785
0.00350324
0.00375137
0.00396826
0.00415031
0.00429436
0.00439777
0.00445851
0.00447519
0.00444713
0.00437435
0.00425759
0.0040983
0.00389858
0.00366115
0.00338927
0.00308665
0.00275736
0.00240576
0.00203636
0.00165373
0.00126245
0.000866816
0.00047094
8.07049e-05
-0.000298294
-0.000689116
-0.0011157
0.00222541
0.00159015
0.0010891
0.000676981
0.000304803
-2.87163e-05
-0.000324713
-0.000587682
-0.000821949
-0.00103134
-0.00121939
-0.00138929
-0.00154389
-0.00168566
-0.00181668
-0.00193869
-0.00205304
-0.00216073
-0.00226244
-0.00235851
-0.00244897
-0.00253359
-0.00261184
-0.00268301
-0.00274612
-0.00280006
-0.00284353
-0.00287512
-0.00289333
-0.00289662
-0.00288341
-0.00285216
-0.00280137
-0.00272967
-0.0026358
-0.0025187
-0.00237753
-0.00221172
-0.002021
-0.00180545
-0.00156549
-0.00130199
-0.00101619
-0.000709813
-0.000385009
-4.4377e-05
0.000309044
0.0006718
0.00104005
0.00140962
0.00177604
0.00213462
0.00248053
0.0028089
0.00311486
0.0033937
0.00364096
0.0038525
0.00402464
0.00415422
0.0042387
0.00427624
0.00426574
0.00420685
0.00410003
0.00394651
0.00374829
0.00350803
0.00322904
0.00291517
0.00257072
0.00220032
0.00180883
0.00140124
0.000982545
0.000557492
0.000130645
-0.000291473
-0.000702643
-0.00112799
-0.00159353
0.00200165
0.00134188
0.000822073
0.000395029
9.67675e-06
-0.000335493
-0.000641839
-0.000914198
-0.00115723
-0.00137504
-0.00157142
-0.00174979
-0.00191319
-0.00206424
-0.00220516
-0.00233777
-0.00246349
-0.00258336
-0.00269807
-0.00280795
-0.00291301
-0.00301296
-0.00310723
-0.00319499
-0.00327519
-0.00334657
-0.00340773
-0.00345709
-0.00349301
-0.00351375
-0.00351757
-0.0035027
-0.00346746
-0.00341024
-0.00332957
-0.00322416
-0.00309295
-0.00293514
-0.00275024
-0.00253811
-0.002299
-0.00203359
-0.001743
-0.00142881
-0.0010931
-0.000738448
-0.00036789
1.50494e-05
0.00040641
0.000801829
0.0011966
0.00158572
0.001964
0.00232613
0.00266678
0.00298071
0.00326289
0.00350861
0.00371358
0.00387405
0.00398693
0.00404981
0.00406109
0.00402002
0.00392671
0.00378211
0.00358805
0.00334714
0.00306271
0.00273876
0.0023798
0.00199079
0.00157695
0.00114372
0.000696593
0.000240799
-0.000218593
-0.000674354
-0.00111959
-0.00158161
-0.00208867
0.00171863
0.00103594
0.000498552
5.74932e-05
-0.000340291
-0.000696539
-0.00101283
-0.00129435
-0.00154605
-0.00177236
-0.00197729
-0.00216449
-0.00233718
-0.00249812
-0.00264966
-0.00279369
-0.00293171
-0.00306478
-0.0031936
-0.0033185
-0.00343944
-0.00355608
-0.00366778
-0.00377362
-0.00387244
-0.00396288
-0.00404337
-0.0041122
-0.00416755
-0.00420749
-0.00423008
-0.00423336
-0.00421541
-0.00417439
-0.00410858
-0.00401646
-0.00389671
-0.00374827
-0.00357042
-0.00336278
-0.00312538
-0.00285868
-0.00256363
-0.00224167
-0.00189477
-0.00152544
-0.0011367
-0.000732115
-0.000315762
0.00010783
0.000533709
0.000956571
0.00137084
0.00177074
0.00215044
0.00250414
0.00282617
0.00311119
0.00335423
0.00355087
0.00369735
0.00379064
0.00382857
0.00380988
0.00373424
0.0036023
0.00341564
0.00317677
0.00288905
0.00255659
0.00218413
0.00177696
0.00134073
0.000881352
0.000404851
-8.29869e-05
-0.000576536
-0.0010678
-0.00154914
-0.00205023
-0.00260169
0.00137374
0.000669781
0.000116062
-0.000338066
-0.000747509
-0.00111424
-0.00144006
-0.00173048
-0.00199079
-0.00222565
-0.00243935
-0.00263574
-0.0028182
-0.00298966
-0.00315255
-0.00330887
-0.00346015
-0.00360749
-0.00375159
-0.00389276
-0.00403092
-0.00416569
-0.00429634
-0.00442186
-0.00454099
-0.00465222
-0.00475385
-0.00484401
-0.00492069
-0.0049818
-0.00502515
-0.00504858
-0.00504993
-0.0050271
-0.00497812
-0.00490119
-0.00479472
-0.00465738
-0.00448815
-0.00428641
-0.00405191
-0.00378488
-0.00348606
-0.00315669
-0.00279861
-0.00241421
-0.00200649
-0.00157902
-0.00113596
-0.00068198
-0.00022228
0.000237528
0.000691469
0.00113331
0.00155665
0.00195509
0.00232228
0.00265215
0.00293899
0.00317763
0.00336353
0.00349296
0.00356307
0.00357198
0.00351886
0.00340395
0.00322856
0.00299503
0.00270668
0.00236774
0.0019832
0.00155866
0.00110024
0.000614372
0.000107669
-0.00041348
-0.000942832
-0.00147155
-0.00199119
-0.00253394
-0.00313299
0.000964576
0.000241076
-0.000327679
-0.000793894
-0.0012142
-0.00159079
-0.00192571
-0.00222478
-0.0024936
-0.0027371
-0.00295979
-0.00316573
-0.00335847
-0.00354107
-0.00371608
-0.00388556
-0.00405109
-0.0042138
-0.0043744
-0.00453315
-0.00468997
-0.00484438
-0.00499559
-0.0051425
-0.00528372
-0.00541763
-0.00554236
-0.00565589
-0.00575602
-0.00584045
-0.00590679
-0.00595263
-0.00597555
-0.0059732
-0.00594332
-0.00588381
-0.00579278
-0.0056686
-0.00550995
-0.00531588
-0.00508586
-0.00481984
-0.00451829
-0.00418225
-0.00381334
-0.00341384
-0.00298663
-0.00253529
-0.002064
-0.0015776
-0.00108147
-0.000581555
-8.42132e-05
0.000403826
0.000875593
0.00132401
0.00174201
0.00212272
0.00245961
0.00274664
0.00297842
0.00315039
0.0032589
0.00330138
0.00327637
0.00318361
0.00302404
0.00279977
0.00251407
0.00217123
0.00177645
0.00133572
0.000855603
0.000343124
-0.00019448
-0.000750151
-0.00131697
-0.00188517
-0.00244543
-0.00303267
-0.00368282
0.000488928
-0.000252305
-0.000834746
-0.00131203
-0.00174237
-0.00212819
-0.00247176
-0.00277923
-0.00305646
-0.00330866
-0.00354057
-0.00375644
-0.00395997
-0.00415437
-0.00434227
-0.00452581
-0.00470662
-0.00488584
-0.00506418
-0.0052419
-0.00541884
-0.00559448
-0.00576796
-0.00593806
-0.00610329
-0.00626189
-0.00641184
-0.00655094
-0.00667682
-0.00678695
-0.00687873
-0.00694948
-0.00699653
-0.00701723
-0.00700903
-0.00696951
-0.00689644
-0.00678786
-0.00664211
-0.00645789
-0.00623433
-0.00597107
-0.00566827
-0.00532668
-0.00494771
-0.00453342
-0.00408658
-0.00361069
-0.00310996
-0.00258931
-0.00205433
-0.00151124
-0.0009668
-0.000428242
9.68643e-05
0.000600733
0.00107552
0.00151348
0.00190716
0.00224956
0.00253433
0.00275595
0.00290986
0.00299265
0.00300213
0.00293742
0.00279898
0.00258865
0.00230952
0.00196594
0.00156332
0.00110799
0.000607036
6.80709e-05
-0.000500965
-0.00109229
-0.00169823
-0.00230802
-0.00291137
-0.00354613
-0.00425121
-5.51796e-05
-0.000812263
-0.00140699
-0.0018943
-0.00233383
-0.00272823
-0.00308
-0.00339559
-0.00368115
-0.00394213
-0.00418348
-0.00440964
-0.00462449
-0.00483134
-0.00503292
-0.00523144
-0.00542857
-0.00562547
-0.00582285
-0.00602093
-0.00621954
-0.00641807
-0.00661559
-0.00681078
-0.00700204
-0.00718746
-0.00736489
-0.00753194
-0.00768603
-0.00782445
-0.00794433
-0.00804274
-0.00811673
-0.00816336
-0.00817973
-0.0081631
-0.00811088
-0.00802072
-0.00789059
-0.00771881
-0.00750414
-0.00724583
-0.00694368
-0.00659813
-0.00621029
-0.00578197
-0.00531576
-0.00481505
-0.00428399
-0.00372758
-0.00315155
-0.00256239
-0.00196725
-0.00137387
-0.000790426
-0.000225449
0.000312373
0.000814365
0.00127205
0.00167738
0.00202291
0.00230202
0.00250912
0.0026398
0.002691
0.0026611
0.00254997
0.00235902
0.00209116
0.00175069
0.00134321
0.000875391
0.000354838
-0.000210179
-0.000810973
-0.00143897
-0.00208567
-0.0027392
-0.00338823
-0.00407376
-0.0048379
-0.000669475
-0.00144046
-0.00204604
-0.00254229
-0.00299014
-0.00339246
-0.00375197
-0.0040754
-0.00436919
-0.00463902
-0.00489004
-0.00512688
-0.00535357
-0.00557352
-0.00578957
-0.00600399
-0.0062185
-0.00643427
-0.006652
-0.00687189
-0.00709373
-0.00731686
-0.00754026
-0.00776252
-0.00798191
-0.0081964
-0.00840368
-0.00860119
-0.00878615
-0.00895561
-0.00910647
-0.00923554
-0.00933955
-0.00941525
-0.00945941
-0.0094689
-0.00944075
-0.00937222
-0.00926085
-0.00910454
-0.00890162
-0.00865091
-0.00835181
-0.00800437
-0.00760934
-0.00716824
-0.00668339
-0.00615801
-0.00559616
-0.00500284
-0.00438389
-0.00374603
-0.00309677
-0.00244434
-0.00179756
-0.00116572
-0.000558386
1.47492e-05
0.000544115
0.00102048
0.00143518
0.00178037
0.00204925
0.00223629
0.00233736
0.00234995
0.0022732
0.002108
0.00185692
0.00152417
0.00111547
0.000637853
9.94269e-05
-0.000490846
-0.00112347
-0.001789
-0.00247804
-0.00317751
-0.0038749
-0.00461465
-0.00544229
-0.00135542
-0.00213829
-0.00275324
-0.00325734
-0.00371262
-0.00412218
-0.00448896
-0.00481997
-0.00512188
-0.00540062
-0.00566154
-0.00590943
-0.00614845
-0.00638216
-0.00661347
-0.00684472
-0.00707765
-0.00731348
-0.00755288
-0.00779605
-0.00804272
-0.00829218
-0.00854334
-0.0087947
-0.00904441
-0.00929031
-0.00952992
-0.00976052
-0.00997913
-0.0101826
-0.0103675
-0.0105304
-0.0106678
-0.0107759
-0.0108514
-0.0108905
-0.0108901
-0.0108468
-0.0107577
-0.0106203
-0.0104325
-0.0101925
-0.00989934
-0.0095526
-0.0091526
-0.00870048
-0.00819825
-0.00764888
-0.00705626
-0.00642533
-0.00576198
-0.00507313
-0.00436661
-0.0036511
-0.00293607
-0.00223157
-0.00154812
-0.000896469
-0.000287374
0.00026864
0.000761561
0.00118216
0.00152227
0.00177501
0.00193506
0.00199882
0.00196453
0.00183239
0.00160453
0.00128496
0.000879473
0.00039539
-0.000158643
-0.000772946
-0.00143715
-0.00214089
-0.00287376
-0.00362135
-0.0043699
-0.0051675
-0.0060634
-0.00211421
-0.00290691
-0.0035297
-0.00404053
-0.00450235
-0.00491847
-0.00529204
-0.00563033
-0.00594025
-0.00622795
-0.00649896
-0.00675825
-0.00701012
-0.00725822
-0.00750556
-0.00775453
-0.00800693
-0.00826397
-0.00852635
-0.00879425
-0.00906735
-0.0093449
-0.00962573
-0.00990824
-0.0101905
-0.0104702
-0.0107447
-0.0110111
-0.0112663
-0.0115068
-0.011729
-0.0119291
-0.0121033
-0.0122477
-0.0123582
-0.0124309
-0.012462
-0.0124479
-0.012385
-0.0122705
-0.0121015
-0.0118759
-0.0115921
-0.0112492
-0.010847
-0.0103862
-0.00986846
-0.00929634
-0.00867354
-0.00800483
-0.00729612
-0.00655443
-0.00578785
-0.00500553
-0.00421752
-0.00343467
-0.00266845
-0.00193073
-0.00123354
-0.000588806
-8.02803e-06
0.000498019
0.000919604
0.00124834
0.00147748
0.00160212
0.00161943
0.00152872
0.00133153
0.00103155
0.000634543
0.000148087
-0.000418655
-0.00105526
-0.00175044
-0.0024928
-0.00327087
-0.00406875
-0.0048713
-0.00573057
-0.00669976
-0.00294672
-0.00374715
-0.00437626
-0.00489268
-0.00536012
-0.0057821
-0.00616197
-0.00650724
-0.00682505
-0.00712174
-0.00740304
-0.00767406
-0.00793923
-0.00820231
-0.0084664
-0.00873396
-0.00900682
-0.00928622
-0.00957286
-0.00986691
-0.010168
-0.0104754
-0.0107878
-0.0111035
-0.0114206
-0.0117365
-0.0120485
-0.0123535
-0.0126482
-0.0129289
-0.0131918
-0.0134327
-0.0136475
-0.0138319
-0.0139814
-0.0140918
-0.0141588
-0.0141781
-0.0141458
-0.0140584
-0.0139125
-0.0137055
-0.013435
-0.0130996
-0.0126986
-0.012232
-0.0117012
-0.0111082
-0.0104564
-0.0097504
-0.00899594
-0.00820009
-0.00737117
-0.0065187
-0.0056533
-0.00478659
-0.00393102
-0.00309962
-0.00230576
-0.00156288
-0.000884092
-0.000281894
0.000232235
0.000648178
0.000957522
0.00115386
0.00123301
0.00119323
0.00103526
0.000762325
0.000380025
-0.000103867
-0.000679703
-0.0013363
-0.0020614
-0.00284249
-0.00366693
-0.00451722
-0.00537667
-0.00630159
-0.0073494
-0.00385354
-0.00465957
-0.00529344
-0.00581432
-0.00628647
-0.00671361
-0.00709928
-0.00745121
-0.00777676
-0.00808244
-0.00837417
-0.0086572
-0.00893608
-0.0092147
-0.00949622
-0.00978316
-0.0100774
-0.0103802
-0.0106924
-0.0110139
-0.0113445
-0.0116834
-0.0120292
-0.0123802
-0.0127343
-0.0130888
-0.013441
-0.0137875
-0.0141247
-0.0144489
-0.0147558
-0.0150412
-0.0153004
-0.0155288
-0.0157217
-0.0158741
-0.0159814
-0.0160388
-0.0160418
-0.0159862
-0.0158681
-0.0156841
-0.0154314
-0.0151078
-0.0147119
-0.0142432
-0.0137024
-0.0130911
-0.0124123
-0.0116701
-0.0108701
-0.0100195
-0.00912649
-0.00820105
-0.00725429
-0.00629857
-0.00534728
-0.00441466
-0.00351547
-0.00266475
-0.00187738
-0.00116774
-0.000549254
-3.40063e-05
0.000367684
0.000647626
0.000800063
0.000821914
0.000712903
0.000475589
0.000115284
-0.00036016
-0.000940655
-0.00161426
-0.00236769
-0.00318726
-0.00405903
-0.00496372
-0.00588298
-0.00687766
-0.00800971
-0.00483493
-0.00564442
-0.00628152
-0.0068057
-0.00728164
-0.00771323
-0.00810419
-0.00846245
-0.00879555
-0.00911019
-0.00941244
-0.0097077
-0.0100007
-0.0102953
-0.0105948
-0.0109019
-0.0112183
-0.0115456
-0.0118843
-0.0122346
-0.0125962
-0.0129682
-0.0133492
-0.0137374
-0.0141306
-0.0145262
-0.014921
-0.0153118
-0.0156946
-0.0160655
-0.01642
-0.0167534
-0.0170611
-0.0173377
-0.0175782
-0.0177772
-0.0179295
-0.0180299
-0.0180731
-0.0180544
-0.0179692
-0.0178134
-0.0175834
-0.0172763
-0.0168901
-0.0164235
-0.0158765
-0.0152502
-0.0145469
-0.0137704
-0.0129261
-0.0120207
-0.0110627
-0.0100621
-0.0090306
-0.00798118
-0.00692817
-0.005887
-0.00487389
-0.00390554
-0.00299871
-0.00216984
-0.00143451
-0.000807012
-0.00029984
7.67423e-05
0.0003151
0.000410534
0.000361483
0.000169611
-0.000160255
-0.000620312
-0.00120011
-0.00188697
-0.00266654
-0.00352388
-0.00444363
-0.00540459
-0.00638656
-0.00745522
-0.00867737
-0.00589081
-0.00670166
-0.00734044
-0.0078668
-0.00834562
-0.00878094
-0.00917666
-0.00954087
-0.00988131
-0.0102048
-0.0105176
-0.0108253
-0.0111325
-0.0114435
-0.0117616
-0.0120893
-0.0124288
-0.0127813
-0.0131476
-0.0135278
-0.0139217
-0.0143282
-0.0147461
-0.0151734
-0.0156078
-0.0160466
-0.0164866
-0.0169243
-0.0173557
-0.0177765
-0.018182
-0.0185674
-0.0189273
-0.0192564
-0.019549
-0.0197993
-0.0200015
-0.0201498
-0.0202385
-0.0202621
-0.0202151
-0.0200929
-0.019891
-0.0196058
-0.0192344
-0.0187748
-0.0182262
-0.0175888
-0.0168645
-0.0160565
-0.0151695
-0.0142103
-0.0131871
-0.01211
-0.0109911
-0.00984396
-0.00868376
-0.00752711
-0.00639171
-0.00529597
-0.00425867
-0.00329844
-0.00243322
-0.00167977
-0.00105304
-0.00056569
-0.000227557
-4.52906e-05
-2.20472e-05
-0.000157344
-0.000447065
-0.000883636
-0.00145635
-0.00215183
-0.00295465
-0.00384851
-0.00481655
-0.00583545
-0.00688295
-0.00802992
-0.00934829
-0.00702078
-0.00783092
-0.00846987
-0.0089973
-0.00947809
-0.00991643
-0.0103164
-0.0106861
-0.0110336
-0.0113659
-0.0116892
-0.0120092
-0.012331
-0.0126586
-0.0129954
-0.0133443
-0.0137073
-0.0140858
-0.0144805
-0.0148916
-0.0153189
-0.0157613
-0.0162175
-0.0166855
-0.0171631
-0.0176473
-0.0181348
-0.0186221
-0.0191048
-0.0195787
-0.0200386
-0.0204794
-0.0208956
-0.0212813
-0.0216305
-0.0219368
-0.0221939
-0.0223955
-0.022535
-0.0226063
-0.0226034
-0.0225205
-0.0223526
-0.0220951
-0.0217441
-0.0212969
-0.0207517
-0.0201081
-0.019367
-0.0185309
-0.0176042
-0.0165929
-0.0155053
-0.0143513
-0.0131431
-0.011895
-0.0106228
-0.00934438
-0.00807873
-0.00684611
-0.00566736
-0.00456344
-0.00355488
-0.00266114
-0.00189993
-0.00128663
-0.000833663
-0.000549999
-0.000440749
-0.000506941
-0.000745459
-0.00114918
-0.00170728
-0.00240577
-0.00322813
-0.00415667
-0.00517286
-0.00625109
-0.00736685
-0.00859653
-0.0100175
-0.00822413
-0.00903154
-0.0096692
-0.0101966
-0.0106785
-0.0111191
-0.0115227
-0.0118976
-0.0122518
-0.0125925
-0.0129262
-0.0132586
-0.0135948
-0.0139391
-0.014295
-0.0146653
-0.0150522
-0.015457
-0.0158808
-0.0163236
-0.0167851
-0.0172645
-0.0177603
-0.0182705
-0.0187929
-0.0193243
-0.0198616
-0.0204008
-0.0209376
-0.0214674
-0.021985
-0.0224849
-0.0229611
-0.0234076
-0.0238177
-0.0241847
-0.0245017
-0.0247617
-0.0249576
-0.0250824
-0.0251293
-0.0250919
-0.0249641
-0.0247403
-0.0244159
-0.0239871
-0.0234512
-0.0228068
-0.0220538
-0.0211941
-0.0202313
-0.0191708
-0.0180204
-0.0167901
-0.0154919
-0.0141405
-0.0127525
-0.0113467
-0.00994346
-0.00856491
-0.00723397
-0.00597407
-0.00480849
-0.00375962
-0.00284827
-0.0020929
-0.0015089
-0.00110796
-0.000897587
-0.000880693
-0.00105551
-0.00141563
-0.00195035
-0.00264514
-0.00348242
-0.00444306
-0.00550676
-0.0066454
-0.00783201
-0.00914879
-0.0106788
-0.00949977
-0.0103025
-0.0109375
-0.0114639
-0.011946
-0.0123882
-0.0127948
-0.0131744
-0.0135349
-0.0138837
-0.0142275
-0.014572
-0.0149225
-0.0152833
-0.0156582
-0.01605
-0.0164609
-0.0168924
-0.0173455
-0.0178205
-0.018317
-0.0188341
-0.0193705
-0.0199242
-0.0204927
-0.0210731
-0.0216619
-0.0222552
-0.0228486
-0.023437
-0.0240152
-0.0245774
-0.0251174
-0.0256285
-0.0261038
-0.0265361
-0.0269179
-0.0272415
-0.0274992
-0.0276833
-0.0277861
-0.0278003
-0.0277189
-0.0275355
-0.0272442
-0.0268403
-0.02632
-0.0256808
-0.0249218
-0.0240437
-0.0230493
-0.0219434
-0.0207331
-0.019428
-0.0180402
-0.0165843
-0.0150777
-0.0135398
-0.0119926
-0.0104598
-0.00896641
-0.00753849
-0.00620218
-0.00498309
-0.00390538
-0.00299098
-0.00225867
-0.00172333
-0.00139529
-0.00127984
-0.00137694
-0.00168126
-0.00218245
-0.00286561
-0.00371219
-0.00470155
-0.00581151
-0.00701123
-0.00827105
-0.00967934
-0.0113252
-0.0108464
-0.0116427
-0.0122737
-0.0127981
-0.0132796
-0.0137226
-0.0141317
-0.0145153
-0.0148816
-0.0152381
-0.0155915
-0.0159477
-0.0163121
-0.0166892
-0.0170828
-0.0174958
-0.0179305
-0.0183887
-0.0188712
-0.0193785
-0.0199102
-0.0204656
-0.0210433
-0.0216412
-0.0222571
-0.0228877
-0.0235297
-0.0241789
-0.0248309
-0.0254804
-0.026122
-0.0267495
-0.0273565
-0.027936
-0.0284805
-0.0289824
-0.0294337
-0.029826
-0.0301509
-0.0304
-0.0305647
-0.0306368
-0.0306083
-0.0304718
-0.0302204
-0.0298482
-0.0293503
-0.0287231
-0.0279644
-0.027074
-0.0260536
-0.0249071
-0.0236408
-0.0222637
-0.0207878
-0.0192275
-0.0176006
-0.0159273
-0.0142307
-0.0125361
-0.0108708
-0.00926333
-0.00774286
-0.00633838
-0.00507774
-0.0039867
-0.00308786
-0.0023998
-0.0019362
-0.00170521
-0.00170901
-0.00194378
-0.00239982
-0.00306212
-0.00391121
-0.00492497
-0.00607925
-0.00734025
-0.00867541
-0.0101795
-0.0119481
-0.0122622
-0.0130505
-0.0136763
-0.0141978
-0.0146779
-0.0151211
-0.0155319
-0.015919
-0.0162905
-0.0166541
-0.0170164
-0.0173838
-0.0177615
-0.0181542
-0.0185658
-0.0189995
-0.0194577
-0.019942
-0.0204537
-0.0209931
-0.02156
-0.0221538
-0.022773
-0.0234157
-0.0240795
-0.0247614
-0.0254577
-0.0261643
-0.0268766
-0.0275892
-0.0282965
-0.028992
-0.029669
-0.0303202
-0.0309377
-0.0315133
-0.0320385
-0.0325043
-0.0329015
-0.0332211
-0.0334535
-0.0335897
-0.0336206
-0.0335378
-0.0333333
-0.0329999
-0.0325316
-0.0319235
-0.0311722
-0.0302762
-0.0292361
-0.0280547
-0.0267373
-0.0252924
-0.0237311
-0.0220678
-0.0203203
-0.0185095
-0.0166594
-0.0147969
-0.0129511
-0.0111533
-0.00943568
-0.00783088
-0.00637064
-0.0050849
-0.00400056
-0.0031404
-0.00252203
-0.00215702
-0.00205037
-0.00220021
-0.00259794
-0.00322868
-0.00407225
-0.00510507
-0.00630091
-0.00762285
-0.0090351
-0.0106393
-0.0125376
-0.0137453
-0.0145241
-0.0151438
-0.0156615
-0.0161395
-0.0165822
-0.0169941
-0.0173839
-0.0177599
-0.0181297
-0.0185002
-0.0188778
-0.0192679
-0.0196753
-0.0201041
-0.0205575
-0.0210382
-0.021548
-0.0220881
-0.022659
-0.0232607
-0.0238925
-0.0245531
-0.0252407
-0.0259527
-0.0266862
-0.0274376
-0.0282026
-0.0289765
-0.0297538
-0.0305287
-0.0312945
-0.0320441
-0.0327699
-0.0334636
-0.0341166
-0.0347197
-0.0352634
-0.0357378
-0.0361331
-0.0364388
-0.0366451
-0.0367418
-0.0367193
-0.0365687
-0.0362813
-0.03585
-0.0352685
-0.034532
-0.0336379
-0.0325851
-0.0313754
-0.030013
-0.0285053
-0.0268627
-0.0250992
-0.0232324
-0.0212835
-0.0192772
-0.0172417
-0.0152083
-0.0132104
-0.0112836
-0.00946408
-0.00778773
-0.00628905
-0.00499969
-0.00394717
-0.00315361
-0.0026347
-0.00239883
-0.00244671
-0.00277131
-0.00335828
-0.00418692
-0.00523229
-0.00646605
-0.00784793
-0.00933864
-0.011047
-0.0130821
-0.0152935
-0.0160617
-0.0166743
-0.0171875
-0.0176627
-0.0181042
-0.0185165
-0.0189083
-0.0192879
-0.019663
-0.0200406
-0.0204272
-0.0208284
-0.0212492
-0.0216939
-0.0221658
-0.0226677
-0.0232016
-0.023769
-0.0243703
-0.0250058
-0.0256749
-0.0263762
-0.0271082
-0.0278682
-0.0286534
-0.0294601
-0.030284
-0.0311203
-0.0319634
-0.0328072
-0.0336449
-0.0344692
-0.0352721
-0.0360448
-0.0367783
-0.0374629
-0.0380885
-0.0386446
-0.0391203
-0.0395046
-0.0397866
-0.0399551
-0.0399995
-0.0399095
-0.0396754
-0.0392885
-0.0387412
-0.0380274
-0.0371428
-0.0360851
-0.0348546
-0.0334541
-0.0318899
-0.0301713
-0.0283118
-0.0263283
-0.0242422
-0.0220787
-0.019867
-0.0176401
-0.0154339
-0.0132869
-0.011239
-0.00933057
-0.00760084
-0.00608664
-0.0048208
-0.00383063
-0.00313657
-0.00275118
-0.00267838
-0.00291333
-0.00344267
-0.0042455
-0.00529565
-0.00656268
-0.00800274
-0.00957281
-0.0113892
-0.0135681
-0.0169043
-0.017661
-0.0182658
-0.0187741
-0.019246
-0.0196856
-0.0200975
-0.0204903
-0.0208725
-0.0212516
-0.021635
-0.0220291
-0.0224398
-0.0228724
-0.0233311
-0.0238197
-0.024341
-0.0248974
-0.0254902
-0.0261205
-0.0267883
-0.0274932
-0.0282342
-0.0290095
-0.0298168
-0.0306531
-0.0315147
-0.0323975
-0.0332964
-0.0342058
-0.0351195
-0.0360303
-0.0369308
-0.0378125
-0.0386665
-0.0394831
-0.0402522
-0.0409631
-0.0416046
-0.0421651
-0.0426327
-0.0429956
-0.0432416
-0.0433589
-0.0433361
-0.0431621
-0.0428269
-0.0423216
-0.0416383
-0.0407714
-0.0397169
-0.0384735
-0.0370427
-0.0354292
-0.0336412
-0.031691
-0.0295951
-0.0273744
-0.0250544
-0.022665
-0.0202406
-0.0178193
-0.0154425
-0.0131538
-0.0109981
-0.00901962
-0.0072608
-0.00576029
-0.00455123
-0.00365962
-0.00310291
-0.00288906
-0.0030161
-0.00347223
-0.00423676
-0.00528255
-0.00657705
-0.00807269
-0.00972244
-0.0116504
-0.0139802
-0.0185752
-0.0193198
-0.0199165
-0.0204194
-0.0208874
-0.0213245
-0.0217352
-0.0221281
-0.0225115
-0.0228932
-0.0232806
-0.0236804
-0.0240987
-0.0245408
-0.0250113
-0.0255143
-0.0260527
-0.0266291
-0.0272453
-0.0279022
-0.0286002
-0.0293391
-0.0301179
-0.0309351
-0.0317882
-0.0326745
-0.0335903
-0.0345312
-0.0354924
-0.036468
-0.0374517
-0.0384362
-0.0394137
-0.0403755
-0.0413123
-0.0422141
-0.04307
-0.043869
-0.0445991
-0.045248
-0.045803
-0.0462513
-0.0465799
-0.0467757
-0.0468261
-0.0467189
-0.0464425
-0.0459865
-0.0453416
-0.0445005
-0.0434575
-0.0422097
-0.0407568
-0.0391021
-0.0372522
-0.0352181
-0.0330154
-0.0306643
-0.0281902
-0.0256233
-0.0229992
-0.0203579
-0.0177435
-0.0152031
-0.0127861
-0.010542
-0.0085191
-0.00676245
-0.00531167
-0.00419907
-0.0034479
-0.00307102
-0.00307012
-0.00343568
-0.00414777
-0.00517853
-0.00649347
-0.00804117
-0.00977027
-0.0118131
-0.0143008
-0.0203033
-0.0210357
-0.0216242
-0.0221215
-0.0225852
-0.0230192
-0.0234279
-0.0238196
-0.0242027
-0.0245853
-0.0249747
-0.0253779
-0.0258011
-0.0262501
-0.0267297
-0.0272441
-0.0277967
-0.0283903
-0.0290268
-0.0297076
-0.0304332
-0.0312035
-0.0320178
-0.0328745
-0.0337716
-0.0347061
-0.0356744
-0.0366724
-0.0376948
-0.0387359
-0.0397892
-0.0408473
-0.041902
-0.0429445
-0.043965
-0.044953
-0.0458975
-0.0467866
-0.0476077
-0.0483479
-0.0489938
-0.0495314
-0.0499469
-0.0502261
-0.0503552
-0.0503207
-0.0501096
-0.04971
-0.049111
-0.0483036
-0.0472805
-0.0460369
-0.0445707
-0.0428833
-0.0409798
-0.0388697
-0.0365671
-0.0340913
-0.0314671
-0.028725
-0.025901
-0.0230368
-0.0201787
-0.0173775
-0.0146866
-0.0121611
-0.0098555
-0.00782147
-0.00610584
-0.00474807
-0.00377811
-0.00321467
-0.00306408
-0.00331991
-0.0039636
-0.0049671
-0.0062941
-0.00788924
-0.00969664
-0.0118571
-0.0145096
-0.0220859
-0.0228065
-0.0233869
-0.0238787
-0.0243378
-0.0247681
-0.0251737
-0.0255629
-0.0259441
-0.0263254
-0.0267143
-0.0271181
-0.0275432
-0.0279958
-0.028481
-0.0290033
-0.0295665
-0.0301737
-0.0308271
-0.0315283
-0.0322781
-0.0330766
-0.0339233
-0.0348168
-0.0357552
-0.0367355
-0.0377543
-0.0388072
-0.0398893
-0.0409946
-0.0421164
-0.0432472
-0.0443787
-0.0455016
-0.046606
-0.0476809
-0.0487147
-0.0496952
-0.050609
-0.0514427
-0.0521819
-0.0528119
-0.0533179
-0.0536846
-0.053897
-0.0539404
-0.0538005
-0.0534637
-0.0529177
-0.0521516
-0.0511564
-0.0499254
-0.0484546
-0.0467436
-0.0447954
-0.0426178
-0.0402233
-0.0376299
-0.0348615
-0.031948
-0.0289259
-0.0258378
-0.0227323
-0.019663
-0.0166876
-0.0138665
-0.0112605
-0.0089284
-0.00692486
-0.00529725
-0.00408317
-0.00330826
-0.00298453
-0.00310961
-0.00366716
-0.00462943
-0.00595864
-0.00759546
-0.00947925
-0.0117597
-0.0145836
-0.0239201
-0.0246297
-0.0252027
-0.0256891
-0.0261437
-0.0265697
-0.0269712
-0.0273564
-0.0277336
-0.028111
-0.0284965
-0.0288975
-0.0293209
-0.0297732
-0.0302599
-0.0307859
-0.0313554
-0.0319718
-0.0326378
-0.0333552
-0.0341252
-0.0349481
-0.0358235
-0.0367503
-0.0377266
-0.0387496
-0.0398161
-0.0409215
-0.0420609
-0.0432283
-0.044417
-0.0456191
-0.0468261
-0.0480286
-0.0492162
-0.0503777
-0.0515011
-0.0525733
-0.0535808
-0.0545091
-0.0553433
-0.0560679
-0.0566669
-0.0571243
-0.0574238
-0.0575495
-0.0574857
-0.0572173
-0.0567305
-0.0560127
-0.0550529
-0.0538427
-0.052376
-0.0506501
-0.0486664
-0.0464304
-0.0439528
-0.0412499
-0.0383443
-0.0352652
-0.0320487
-0.028738
-0.0253833
-0.0220409
-0.0187724
-0.0156432
-0.0127205
-0.0100707
-0.00775656
-0.00583425
-0.00435
-0.00333747
-0.00281556
-0.00278707
-0.00323882
-0.00414411
-0.00546409
-0.00713556
-0.00909292
-0.011495
-0.0144969
-0.0258031
-0.0265033
-0.0270699
-0.0275515
-0.0280015
-0.0284227
-0.028819
-0.0291983
-0.0295692
-0.0299398
-0.0303183
-0.0307126
-0.03113
-0.0315773
-0.0320606
-0.0325853
-0.0331561
-0.0337767
-0.0344503
-0.035179
-0.0359643
-0.036807
-0.0377067
-0.0386626
-0.0396729
-0.0407351
-0.0418457
-0.0430004
-0.0441943
-0.0454211
-0.0466741
-0.0479453
-0.0492261
-0.0505066
-0.0517762
-0.0530233
-0.0542353
-0.055399
-0.0565
-0.0575233
-0.0584533
-0.0592736
-0.0599674
-0.0605176
-0.060907
-0.0611183
-0.0611345
-0.0609392
-0.0605169
-0.0598534
-0.0589358
-0.0577537
-0.0562991
-0.0545672
-0.0525569
-0.0502718
-0.0477203
-0.0449168
-0.0418822
-0.0386444
-0.0352388
-0.0317088
-0.0281054
-0.0244871
-0.020919
-0.0174713
-0.0142175
-0.0112315
-0.00858497
-0.00634326
-0.00456232
-0.00328503
-0.00253841
-0.00233174
-0.00265613
-0.00348681
-0.00478445
-0.00648213
-0.00850921
-0.0110341
-0.0142201
-0.0277323
-0.0284254
-0.0289871
-0.0294647
-0.0299103
-0.0303263
-0.0307161
-0.0310876
-0.0314492
-0.0318095
-0.0321769
-0.0325598
-0.032966
-0.0334029
-0.0338772
-0.0343948
-0.0349609
-0.0355799
-0.0362552
-0.0369896
-0.0377848
-0.0386419
-0.0395608
-0.040541
-0.0415808
-0.0426777
-0.0438284
-0.0450287
-0.0462734
-0.0475564
-0.0488708
-0.0502084
-0.0515603
-0.0529165
-0.0542661
-0.055597
-0.0568963
-0.0581502
-0.0593438
-0.0604616
-0.0614872
-0.0624033
-0.0631926
-0.0638367
-0.0643175
-0.0646165
-0.0647156
-0.0645969
-0.0642433
-0.0636389
-0.0627692
-0.0616218
-0.0601865
-0.0584564
-0.0564281
-0.0541028
-0.0514867
-0.048592
-0.0454373
-0.0420489
-0.0384611
-0.0347167
-0.030867
-0.0269723
-0.0231004
-0.019326
-0.0157286
-0.0123897
-0.00938988
-0.00680458
-0.00470029
-0.00313029
-0.00213112
-0.00171995
-0.00189347
-0.00262998
-0.00389038
-0.00560436
-0.00769618
-0.0103443
-0.0137202
-0.0297053
-0.0303944
-0.0309534
-0.0314283
-0.0318699
-0.0322801
-0.0326619
-0.0330231
-0.0333723
-0.0337181
-0.0340697
-0.0344357
-0.0348248
-0.035245
-0.0357036
-0.0362074
-0.0367621
-0.0373727
-0.0380432
-0.0387767
-0.0395756
-0.0404411
-0.0413735
-0.0423725
-0.0434365
-0.0445633
-0.0457495
-0.0469909
-0.0482824
-0.0496178
-0.0509899
-0.0523905
-0.0538105
-0.0552395
-0.0566663
-0.0580786
-0.0594629
-0.0608051
-0.0620896
-0.0633004
-0.0644203
-0.0654316
-0.0663158
-0.0670538
-0.0676265
-0.0680143
-0.0681977
-0.0681577
-0.0678757
-0.0673341
-0.0665168
-0.0654092
-0.0639993
-0.0622779
-0.0602393
-0.0578822
-0.0552104
-0.0522335
-0.0489678
-0.0454376
-0.0416754
-0.0377229
-0.0336313
-0.0294616
-0.025284
-0.021177
-0.0172256
-0.0135189
-0.0101464
-0.0071941
-0.00473994
-0.00284876
-0.00156807
-0.000924445
-0.000921704
-0.00154246
-0.00274883
-0.00446758
-0.00661795
-0.00938878
-0.0129601
-0.0317202
-0.0324093
-0.0329683
-0.0334421
-0.0338804
-0.0342843
-0.0346565
-0.0350046
-0.0353374
-0.035664
-0.0359939
-0.0363368
-0.0367018
-0.037098
-0.0375335
-0.0380158
-0.0385514
-0.0391459
-0.0398042
-0.0405297
-0.0413252
-0.0421924
-0.0431319
-0.0441436
-0.0452262
-0.0463773
-0.0475939
-0.0488716
-0.0502053
-0.0515887
-0.0530144
-0.0544742
-0.0559585
-0.0574569
-0.0589577
-0.0604482
-0.0619147
-0.0633423
-0.0647153
-0.0660167
-0.067229
-0.0683336
-0.0693112
-0.0701421
-0.0708059
-0.0712821
-0.0715502
-0.0715897
-0.0713807
-0.0709041
-0.0701419
-0.069078
-0.0676981
-0.065991
-0.0639485
-0.0615669
-0.0588473
-0.0557968
-0.0524291
-0.0487659
-0.0448376
-0.0406842
-0.0363563
-0.0319148
-0.0274316
-0.0229882
-0.0186748
-0.0145873
-0.0108244
-0.00748289
-0.0046528
-0.00241171
-0.000819565
8.59814e-05
0.00029229
-0.000189096
-0.00132268
-0.00303295
-0.00523434
-0.00812666
-0.0118984
-0.0337753
-0.0344697
-0.0350324
-0.0355071
-0.0359428
-0.0363399
-0.0367006
-0.0370323
-0.0373441
-0.0376458
-0.0379475
-0.0382597
-0.0385928
-0.0389566
-0.0393604
-0.0398124
-0.0403203
-0.0408904
-0.041528
-0.0422374
-0.0430219
-0.0438834
-0.0448231
-0.0458409
-0.0469357
-0.0481054
-0.0493467
-0.0506555
-0.0520264
-0.053453
-0.0549279
-0.0564425
-0.057987
-0.0595508
-0.0611218
-0.0626869
-0.064232
-0.0657418
-0.0671999
-0.0685889
-0.0698906
-0.0710858
-0.0721544
-0.0730758
-0.0738288
-0.074392
-0.0747435
-0.0748619
-0.0747259
-0.0743148
-0.0736092
-0.0725909
-0.0712441
-0.069555
-0.0675135
-0.0651131
-0.0623525
-0.0592357
-0.055774
-0.0519861
-0.0479
-0.0435535
-0.0389957
-0.034287
-0.0294999
-0.0247184
-0.0200368
-0.0155577
-0.0113884
-0.00763678
-0.0044054
-0.00178566
0.000148635
0.00134696
0.001786
0.0014697
0.000429754
-0.00125696
-0.00350043
-0.00651204
-0.0104888
-0.0358699
-0.0365761
-0.0371469
-0.0376251
-0.0380593
-0.038449
-0.0387957
-0.0391071
-0.0393927
-0.0396627
-0.0399284
-0.0402015
-0.0404935
-0.0408153
-0.0411776
-0.0415897
-0.0420601
-0.0425962
-0.0432041
-0.0438887
-0.0446538
-0.0455018
-0.0464341
-0.0474509
-0.0485513
-0.0497331
-0.0509933
-0.0523275
-0.0537302
-0.0551951
-0.0567143
-0.058279
-0.0598794
-0.0615042
-0.0631411
-0.0647767
-0.0663964
-0.0679843
-0.0695237
-0.0709966
-0.072384
-0.0736662
-0.0748223
-0.075831
-0.0766702
-0.0773175
-0.0777501
-0.0779453
-0.0778805
-0.0775339
-0.0768844
-0.0759121
-0.0745993
-0.0729303
-0.0708925
-0.0684773
-0.0656804
-0.0625034
-0.0589542
-0.0550489
-0.0508125
-0.0462804
-0.0414993
-0.0365285
-0.0314405
-0.0263207
-0.0212668
-0.0163871
-0.0117974
-0.00761608
-0.00395893
-0.000931961
0.00137574
0.00289899
0.00360178
0.00347843
0.00255513
0.00090901
-0.00136606
-0.00449379
-0.00867979
-0.038004
-0.0387301
-0.0393144
-0.0397993
-0.0402333
-0.0406146
-0.0409447
-0.041231
-0.0414838
-0.0417144
-0.0419352
-0.0421592
-0.0423995
-0.0426686
-0.0429784
-0.0433396
-0.0437619
-0.0442536
-0.0448218
-0.0454721
-0.0462087
-0.0470347
-0.0479517
-0.04896
-0.050059
-0.0512465
-0.0525193
-0.0538731
-0.0553022
-0.0568
-0.0583585
-0.0599686
-0.06162
-0.0633012
-0.0649996
-0.0667012
-0.068391
-0.0700527
-0.071669
-0.0732213
-0.0746901
-0.0760549
-0.0772942
-0.078386
-0.0793073
-0.0800347
-0.0805445
-0.080813
-0.0808164
-0.0805315
-0.0799357
-0.0790078
-0.077728
-0.0760788
-0.0740456
-0.0716172
-0.0687868
-0.0655531
-0.0619213
-0.0579041
-0.0535236
-0.0488122
-0.043814
-0.0385864
-0.0332009
-0.0277436
-0.0223146
-0.0170271
-0.0120044
-0.00737535
-0.00326892
0.000193555
0.00290639
0.00478793
0.0057873
0.00588698
0.00510566
0.00351925
0.0012247
-0.00201495
-0.00641395
-0.0401788
-0.0409348
-0.0415393
-0.0420345
-0.0424695
-0.0428415
-0.0431513
-0.043407
-0.0436193
-0.0438012
-0.0439665
-0.0441301
-0.0443067
-0.0445108
-0.0447558
-0.045054
-0.0454164
-0.0458524
-0.0463701
-0.0469759
-0.0476746
-0.0484696
-0.0493629
-0.0503551
-0.0514455
-0.0526319
-0.0539111
-0.0552786
-0.0567285
-0.0582539
-0.0598465
-0.061497
-0.0631946
-0.0649275
-0.0666826
-0.0684454
-0.0702006
-0.0719313
-0.0736196
-0.0752464
-0.0767917
-0.0782341
-0.0795517
-0.0807214
-0.0817196
-0.0825221
-0.0831042
-0.0834411
-0.083508
-0.0832803
-0.0827342
-0.081847
-0.0805972
-0.0789654
-0.076935
-0.0744926
-0.0716288
-0.0683397
-0.0646275
-0.0605017
-0.0559812
-0.0510952
-0.0458847
-0.0404048
-0.0347251
-0.0289313
-0.0231252
-0.0174238
-0.0119568
-0.00686328
-0.00228495
0.00164096
0.00479108
0.00706547
0.00839612
0.00875123
0.00813966
0.00663434
0.0043342
0.000987917
-0.0036276
-0.0423969
-0.0431948
-0.0438275
-0.0443374
-0.0447749
-0.0451361
-0.0454213
-0.0456392
-0.045802
-0.0459242
-0.0460218
-0.0461117
-0.046211
-0.0463362
-0.0465026
-0.0467244
-0.047014
-0.0473822
-0.0478379
-0.0483884
-0.0490392
-0.049794
-0.0506551
-0.0516233
-0.0526977
-0.0538763
-0.0551557
-0.0565309
-0.0579961
-0.0595438
-0.0611655
-0.0628514
-0.0645904
-0.0663701
-0.0681771
-0.0699964
-0.0718121
-0.0736067
-0.0753619
-0.077058
-0.0786742
-0.0801888
-0.0815788
-0.0828207
-0.0838899
-0.0847614
-0.0854096
-0.0858088
-0.085933
-0.0857565
-0.0852543
-0.0844021
-0.083177
-0.0815579
-0.0795262
-0.0770663
-0.0741666
-0.0708204
-0.0670271
-0.0627932
-0.0581342
-0.0530757
-0.0476558
-0.0419262
-0.0359544
-0.0298248
-0.0236396
-0.0175185
-0.0115969
-0.00602284
-0.000950649
0.00346648
0.00708652
0.00978957
0.0114882
0.0121336
0.0117222
0.0103219
0.00803193
0.00458539
-0.000249946
-0.0446628
-0.0455173
-0.0461877
-0.0467173
-0.0471587
-0.0475068
-0.0477618
-0.0479335
-0.0480357
-0.0480852
-0.0481007
-0.0481018
-0.0481082
-0.0481389
-0.0482115
-0.0483422
-0.0485451
-0.0488323
-0.0492138
-0.0496978
-0.0502903
-0.0509955
-0.0518158
-0.0527521
-0.0538034
-0.0549676
-0.0562409
-0.0576183
-0.0590933
-0.0606582
-0.0623041
-0.0640206
-0.0657962
-0.0676181
-0.0694722
-0.0713431
-0.0732142
-0.0750677
-0.0768845
-0.0786443
-0.0803258
-0.0819064
-0.0833626
-0.0846701
-0.0858036
-0.0867372
-0.0874445
-0.0878986
-0.0880727
-0.0879399
-0.0874741
-0.0866494
-0.0854417
-0.0838282
-0.0817885
-0.0793049
-0.0763637
-0.0729558
-0.0690775
-0.0647326
-0.0599332
-0.0547015
-0.0490719
-0.0430929
-0.036829
-0.0303626
-0.0237953
-0.0172484
-0.0108619
-0.00479152
0.000796345
0.00573262
0.00985596
0.013025
0.0151305
0.0161039
0.0159261
0.0146572
0.0123954
0.0088561
0.00379762
-0.0469834
-0.0479123
-0.0486317
-0.0491865
-0.049633
-0.0499649
-0.0501826
-0.0502973
-0.0503256
-0.050287
-0.0502036
-0.0500983
-0.0499941
-0.0499128
-0.0498748
-0.0498983
-0.0499995
-0.0501918
-0.0504864
-0.0508923
-0.051416
-0.0520621
-0.0528331
-0.0537297
-0.0547509
-0.0558943
-0.0571558
-0.0585299
-0.0600098
-0.0615871
-0.0632525
-0.0649951
-0.0668029
-0.0686624
-0.0705589
-0.0724766
-0.0743983
-0.0763054
-0.0781784
-0.0799962
-0.0817369
-0.0833772
-0.0848931
-0.0862592
-0.0874497
-0.0884377
-0.0891959
-0.0896967
-0.089912
-0.0898142
-0.0893755
-0.0885693
-0.0873697
-0.0857525
-0.0836956
-0.0811795
-0.0781883
-0.0747106
-0.0707402
-0.0662778
-0.0613325
-0.0559229
-0.0500799
-0.0438484
-0.0372893
-0.0304826
-0.0235282
-0.0165479
-0.00968495
-0.00310184
0.00302406
0.00850817
0.0131694
0.0168437
0.0193976
0.0207397
0.0208322
0.0197244
0.0175111
0.0138877
0.00860255
-0.0493686
-0.0503934
-0.051175
-0.0517613
-0.0522136
-0.0525248
-0.0526958
-0.0527404
-0.0526784
-0.0525333
-0.0523313
-0.0520994
-0.0518644
-0.0516517
-0.0514844
-0.0513835
-0.0513668
-0.0514496
-0.0516442
-0.0519602
-0.0524046
-0.0529821
-0.0536954
-0.054545
-0.0555296
-0.0566463
-0.0578907
-0.0592566
-0.0607366
-0.062322
-0.0640028
-0.0657673
-0.067603
-0.0694958
-0.0714305
-0.0733904
-0.0753578
-0.0773134
-0.0792371
-0.0811072
-0.082901
-0.0845945
-0.086163
-0.0875804
-0.08882
-0.0898541
-0.0906546
-0.0911928
-0.0914399
-0.0913668
-0.090945
-0.0901464
-0.0889438
-0.0873116
-0.085226
-0.0826659
-0.0796134
-0.0760547
-0.0719814
-0.0673914
-0.0622906
-0.0566945
-0.0506301
-0.0441386
-0.0372775
-0.0301231
-0.0227733
-0.0153494
-0.00799633
-0.000882241
0.00580567
0.011868
0.0171038
0.0213251
0.0243722
0.0261276
0.0265311
0.0256178
0.0234759
0.0197784
0.0142623
-0.0518325
-0.0529789
-0.0538386
-0.0544628
-0.0549208
-0.0552047
-0.0553169
-0.0552747
-0.0551024
-0.0548288
-0.0544851
-0.0541033
-0.0537148
-0.0533488
-0.0530319
-0.0527878
-0.0526365
-0.0525946
-0.0526756
-0.0528897
-0.0532444
-0.0537444
-0.0543922
-0.0551879
-0.0561298
-0.0572146
-0.058437
-0.0597903
-0.0612666
-0.0628563
-0.0645486
-0.0663314
-0.0681913
-0.0701136
-0.0720823
-0.0740801
-0.0760885
-0.0780878
-0.0800568
-0.0819734
-0.0838141
-0.0855542
-0.0871681
-0.0886291
-0.0899096
-0.0909811
-0.0918146
-0.0923804
-0.0926487
-0.0925895
-0.0921729
-0.0913697
-0.0901515
-0.0884912
-0.0863635
-0.0837455
-0.0806175
-0.0769637
-0.0727734
-0.0680418
-0.0627719
-0.056976
-0.0506776
-0.0439141
-0.036739
-0.0292251
-0.0214673
-0.0135852
-0.0057248
0.00194178
0.00921869
0.0158925
0.0217428
0.0265565
0.0301458
0.0323639
0.0331239
0.0324428
0.0303986
0.026638
0.0208857
-0.0543941
-0.0556937
-0.0566494
-0.0573186
-0.0577804
-0.0580277
-0.058065
-0.057915
-0.057608
-0.0571794
-0.0566668
-0.0561082
-0.0555403
-0.0549969
-0.0545084
-0.054101
-0.0537972
-0.053615
-0.0535689
-0.0536695
-0.0539245
-0.0543385
-0.0549134
-0.0556491
-0.0565431
-0.0575913
-0.0587878
-0.0601251
-0.0615942
-0.0631851
-0.0648859
-0.0666838
-0.0685646
-0.0705129
-0.0725119
-0.0745436
-0.0765887
-0.0786268
-0.080636
-0.0825934
-0.0844748
-0.0862548
-0.087907
-0.0894037
-0.0907167
-0.0918166
-0.0926733
-0.0932563
-0.0935348
-0.0934776
-0.0930538
-0.0922329
-0.0909852
-0.0892822
-0.087097
-0.0844053
-0.0811853
-0.0774195
-0.0730948
-0.068204
-0.0627474
-0.0567341
-0.0501842
-0.0431313
-0.0356249
-0.0277339
-0.0195498
-0.0111898
-0.00279949
0.00544604
0.0133436
0.020667
0.0271764
0.0326333
0.0368196
0.0395558
0.0407239
0.040318
0.0384018
0.0345907
0.0285951
-0.0570796
-0.0585702
-0.0596433
-0.0603638
-0.0608255
-0.0610226
-0.0609639
-0.0606793
-0.0602074
-0.059592
-0.0588785
-0.0581122
-0.0573358
-0.0565883
-0.055904
-0.0553123
-0.0548375
-0.0544992
-0.0543125
-0.0542884
-0.0544343
-0.0547544
-0.0552502
-0.0559206
-0.0567624
-0.0577704
-0.0589378
-0.0602563
-0.0617158
-0.0633053
-0.0650122
-0.0668227
-0.0687217
-0.070693
-0.0727191
-0.074781
-0.0768588
-0.0789312
-0.0809756
-0.0829683
-0.0848844
-0.0866976
-0.0883807
-0.0899053
-0.0912422
-0.0923611
-0.0932311
-0.0938207
-0.0940979
-0.0940304
-0.0935863
-0.0927338
-0.0914417
-0.0896803
-0.0874211
-0.084638
-0.0813078
-0.0774107
-0.0729315
-0.0678608
-0.0621961
-0.0559435
-0.0491198
-0.0417547
-0.0338938
-0.0256019
-0.0169665
-0.0081019
0.00084768
0.00970549
0.0182623
0.0262801
0.0335004
0.0396586
0.0445045
0.0478223
0.0494582
0.0493776
0.0476246
0.0437773
0.0375289
-0.0599241
-0.0616519
-0.0628665
-0.0636441
-0.0640976
-0.0642253
-0.0640425
-0.0635893
-0.0629152
-0.0620744
-0.0611224
-0.0601127
-0.0590951
-0.0581142
-0.0572083
-0.0564099
-0.0557453
-0.0552351
-0.0548948
-0.0547354
-0.0547638
-0.0549834
-0.0553947
-0.0559957
-0.056782
-0.0577472
-0.0588835
-0.0601812
-0.0616295
-0.0632161
-0.0649273
-0.0667485
-0.0686636
-0.0706555
-0.0727057
-0.0747946
-0.0769014
-0.0790038
-0.0810787
-0.0831014
-0.0850461
-0.0868859
-0.0885928
-0.0901374
-0.0914896
-0.0926183
-0.0934915
-0.0940768
-0.094341
-0.0942508
-0.0937729
-0.0928743
-0.0915226
-0.0896864
-0.0873357
-0.0844428
-0.0809825
-0.0769331
-0.0722774
-0.0670035
-0.0611061
-0.0545885
-0.0474641
-0.0397588
-0.0315142
-0.0227907
-0.0136717
-0.0042677
0.00527909
0.0147914
0.0240553
0.032822
0.0408148
0.047743
0.053322
0.057296
0.0594699
0.059774
0.0582262
0.054359
0.0478445
-0.062975
-0.0649961
-0.0663799
-0.0672178
-0.0676497
-0.0676805
-0.0673362
-0.0666707
-0.065748
-0.0646356
-0.0634006
-0.0621066
-0.060811
-0.0595645
-0.0584095
-0.0573814
-0.0565079
-0.0558104
-0.0553043
-0.055
-0.0549035
-0.0550172
-0.0553401
-0.0558688
-0.0565975
-0.0575186
-0.0586228
-0.0598991
-0.0613354
-0.0629182
-0.0646328
-0.0664635
-0.0683932
-0.0704037
-0.0724757
-0.0745887
-0.076721
-0.0788496
-0.0809503
-0.0829978
-0.0849655
-0.0868256
-0.0885491
-0.0901059
-0.091465
-0.0925942
-0.0934607
-0.0940308
-0.0942704
-0.094145
-0.09362
-0.0926609
-0.0912341
-0.0893065
-0.0868466
-0.0838247
-0.080214
-0.0759905
-0.0711347
-0.0656323
-0.0594754
-0.0526641
-0.0452082
-0.03713
-0.0284668
-0.0192743
-0.00963135
0.000355727
0.0105477
0.0207679
0.0307986
0.0403816
0.0492224
0.0570034
0.0634039
0.0681239
0.0709205
0.0716815
0.0703902
0.0665224
0.0597234
-0.0662963
-0.0686792
-0.0702632
-0.0711605
-0.0715483
-0.0714435
-0.0708877
-0.0699539
-0.0687248
-0.0672846
-0.0657145
-0.0640891
-0.0624746
-0.0609274
-0.0594943
-0.0582128
-0.0571116
-0.0562121
-0.0555291
-0.0550718
-0.0548447
-0.0548485
-0.0550805
-0.0555356
-0.0562063
-0.0570832
-0.0581554
-0.0594106
-0.0608351
-0.0624143
-0.0641322
-0.0659718
-0.067915
-0.0699428
-0.0720347
-0.0741693
-0.076324
-0.0784751
-0.0805975
-0.0826649
-0.08465
-0.0865241
-0.0882574
-0.0898188
-0.0911765
-0.0922973
-0.0931473
-0.0936918
-0.0938955
-0.0937227
-0.0931374
-0.092104
-0.0905869
-0.0885518
-0.0859652
-0.0827957
-0.0790141
-0.0745945
-0.0695149
-0.0637582
-0.0573136
-0.0501777
-0.042357
-0.0338693
-0.0247474
-0.0150421
-0.0048271
0.00579629
0.0166927
0.027687
0.0385592
0.0490423
0.0588247
0.0675613
0.0748924
0.0804691
0.0839935
0.0853013
0.0843305
0.0804858
0.0733771
-0.0699743
-0.0728034
-0.074621
-0.0755695
-0.0758777
-0.0755824
-0.0747478
-0.0734734
-0.071866
-0.0700301
-0.0680634
-0.066053
-0.064074
-0.0621887
-0.0604472
-0.0588884
-0.0575413
-0.0564265
-0.0555571
-0.0549404
-0.0545789
-0.0544708
-0.0546114
-0.0549932
-0.0556068
-0.0564409
-0.0574826
-0.0587181
-0.0601322
-0.0617087
-0.0634304
-0.0652791
-0.0672356
-0.0692796
-0.0713899
-0.0735441
-0.0757186
-0.0778887
-0.0800287
-0.0821115
-0.0841087
-0.0859909
-0.0877273
-0.0892862
-0.0906346
-0.0917384
-0.0925626
-0.0930715
-0.0932286
-0.0929969
-0.0923392
-0.0912181
-0.0895968
-0.0874388
-0.0847092
-0.0813743
-0.0774027
-0.072766
-0.0674394
-0.061403
-0.0546424
-0.0471509
-0.0389303
-0.0299942
-0.02037
-0.0101029
0.000739629
0.012062
0.023734
0.0355834
0.0473893
0.058877
0.0697184
0.0795395
0.0879386
0.0945121
0.0988976
0.100867
0.1003
0.0965092
0.0890563
-0.0741268
-0.0775057
-0.0795919
-0.0805707
-0.080744
-0.0801799
-0.0789763
-0.0772679
-0.0751923
-0.0728787
-0.0704435
-0.0679872
-0.0655937
-0.0633302
-0.0612493
-0.05939
-0.0577803
-0.0564386
-0.0553755
-0.0545954
-0.0540978
-0.0538781
-0.0539287
-0.0542396
-0.0547988
-0.0555929
-0.0566072
-0.0578257
-0.0592316
-0.0608073
-0.0625342
-0.0643928
-0.0663627
-0.0684225
-0.0705501
-0.0727221
-0.0749139
-0.0771002
-0.0792542
-0.0813479
-0.0833523
-0.085237
-0.0869705
-0.08852
-0.0898516
-0.0909304
-0.0917203
-0.0921845
-0.0922852
-0.0919842
-0.0912429
-0.0900224
-0.0882841
-0.08599
-0.0831027
-0.0795866
-0.0754077
-0.0705349
-0.0649404
-0.0586008
-0.0514979
-0.0436205
-0.0349659
-0.0255419
-0.0153698
-0.00448812
0.00704297
0.0191354
0.0316658
0.0444668
0.0573185
0.0699402
0.0819876
0.0930567
0.1027
0.110451
0.115871
0.118655
0.118603
0.114907
0.107063
-0.0789152
-0.0829725
-0.0853603
-0.0863273
-0.0862802
-0.0853363
-0.0836417
-0.0813783
-0.0787224
-0.0758322
-0.0728447
-0.069874
-0.0670116
-0.0643283
-0.0618771
-0.0596956
-0.0578087
-0.0562313
-0.05497
-0.0540254
-0.0533929
-0.0530644
-0.0530289
-0.0532733
-0.0537828
-0.0545416
-0.0555326
-0.056738
-0.0581392
-0.0597169
-0.0614511
-0.0633211
-0.0653051
-0.0673809
-0.0695252
-0.0717136
-0.0739208
-0.0761205
-0.0782851
-0.0803859
-0.0823929
-0.0842751
-0.086
-0.087534
-0.0888423
-0.0898889
-0.090637
-0.0910483
-0.0910842
-0.090705
-0.0898707
-0.0885409
-0.0866752
-0.0842337
-0.0811769
-0.0774667
-0.0730665
-0.067942
-0.0620621
-0.0553992
-0.0479309
-0.0396409
-0.0305206
-0.0205712
-0.00980653
0.00174333
0.0140274
0.0269674
0.0404493
0.0543138
0.0683446
0.0822581
0.0956947
0.10822
0.119334
0.1285
0.135186
0.13899
0.139608
0.136068
0.127771
-0.0845642
-0.0894595
-0.0921735
-0.0930511
-0.092652
-0.0911699
-0.0888195
-0.0858445
-0.0824686
-0.0788833
-0.0752469
-0.0716856
-0.0682964
-0.0651511
-0.0623002
-0.0597773
-0.0576021
-0.055784
-0.054324
-0.0532173
-0.0524546
-0.0520232
-0.0519082
-0.052093
-0.0525597
-0.0532896
-0.0542632
-0.0554608
-0.0568618
-0.0584453
-0.0601898
-0.0620732
-0.0640728
-0.0661651
-0.0683258
-0.0705298
-0.0727509
-0.0749618
-0.0771342
-0.0792386
-0.0812444
-0.0831196
-0.084831
-0.0863442
-0.0876235
-0.0886321
-0.0893319
-0.089684
-0.0896483
-0.0891839
-0.0882494
-0.086803
-0.0848023
-0.0822055
-0.0789709
-0.0750576
-0.0704263
-0.0650392
-0.0588613
-0.0518606
-0.0440095
-0.0352855
-0.0256732
-0.0151658
-0.00376782
0.00850131
0.0216025
0.0354703
0.0500042
0.0650571
0.0804216
0.0958151
0.110867
0.12511
0.137992
0.148887
0.157154
0.162263
0.163772
0.160484
0.151652
-0.0913911
-0.0973226
-0.100365
-0.101016
-0.100063
-0.0978162
-0.0945867
-0.0906979
-0.0864294
-0.0820082
-0.0776127
-0.0733781
-0.0694026
-0.0657546
-0.0624783
-0.0595995
-0.05713
-0.0550713
-0.0534169
-0.0521554
-0.0512713
-0.0507468
-0.0505622
-0.0506971
-0.0511301
-0.0518395
-0.0528035
-0.0539999
-0.0554064
-0.0570005
-0.058759
-0.0606589
-0.062676
-0.064786
-0.0669637
-0.0691829
-0.0714168
-0.0736372
-0.0758153
-0.0779207
-0.079922
-0.0817867
-0.0834808
-0.084969
-0.086215
-0.0871811
-0.0878282
-0.0881164
-0.0880046
-0.0874507
-0.0864118
-0.0848444
-0.0827048
-0.0799487
-0.0765323
-0.0724121
-0.0675454
-0.0618908
-0.0554091
-0.0480631
-0.0398192
-0.0306481
-0.020526
-0.00943635
0.00262777
0.0156603
0.0296374
0.0445112
0.0601997
0.0765746
0.0934449
0.110537
0.127476
0.143767
0.158797
0.171842
0.182123
0.188944
0.191675
0.188792
0.179321
-0.0998545
-0.107065
-0.110389
-0.110575
-0.108757
-0.105422
-0.101012
-0.0959491
-0.0905765
-0.0851552
-0.0798786
-0.074884
-0.0702642
-0.0660776
-0.0623567
-0.0591151
-0.056353
-0.054061
-0.0522234
-0.0508201
-0.0498287
-0.0492251
-0.0489848
-0.0490826
-0.0494938
-0.0501936
-0.0511574
-0.052361
-0.0537801
-0.0553905
-0.057168
-0.059088
-0.0611255
-0.0632551
-0.0654508
-0.0676856
-0.069932
-0.0721612
-0.0743435
-0.0764481
-0.078443
-0.0802948
-0.081969
-0.0834298
-0.0846399
-0.0855609
-0.086153
-0.0863753
-0.0861857
-0.0855408
-0.0843967
-0.0827082
-0.0804299
-0.0775155
-0.0739189
-0.0695937
-0.0644939
-0.0585745
-0.0517912
-0.0441014
-0.035465
-0.0258443
-0.015206
-0.00352202
0.00922849
0.023056
0.0379565
0.0539047
0.0708448
0.0886762
0.107235
0.126271
0.145415
0.164156
0.181824
0.197582
0.210477
0.219601
0.224053
0.22184
0.211614
-0.110638
-0.119412
-0.122864
-0.122176
-0.119014
-0.114128
-0.108132
-0.101566
-0.094835
-0.0882273
-0.08194
-0.0761007
-0.070786
-0.0660353
-0.0618622
-0.0582624
-0.0552202
-0.0527122
-0.050711
-0.0491865
-0.0481082
-0.0474453
-0.0471673
-0.0472449
-0.0476493
-0.0483527
-0.049328
-0.0505488
-0.0519891
-0.0536231
-0.0554254
-0.0573703
-0.0594319
-0.061584
-0.0637996
-0.0660514
-0.068311
-0.0705492
-0.0727356
-0.074839
-0.0768267
-0.078665
-0.0803187
-0.0817513
-0.0829252
-0.0838011
-0.0843386
-0.084496
-0.0842301
-0.0834968
-0.0822507
-0.0804455
-0.0780338
-0.0749678
-0.0711987
-0.0666775
-0.061355
-0.0551818
-0.0481089
-0.0400878
-0.0310707
-0.0210114
-0.0098654
0.00240881
0.0158484
0.0304841
0.0463361
0.0634086
0.0816807
0.101092
0.121521
0.142757
0.164464
0.186135
0.207055
0.226269
0.242619
0.254911
0.261867
0.260792
0.249708
-0.124799
-0.13543
-0.138638
-0.136372
-0.131131
-0.124037
-0.115918
-0.107437
-0.0990527
-0.0910579
-0.0836326
-0.0768761
-0.0708331
-0.0655119
-0.0608976
-0.0569615
-0.0536669
-0.0509735
-0.0488396
-0.0472241
-0.0460871
-0.0453907
-0.0450987
-0.045177
-0.0455931
-0.0463163
-0.0473171
-0.0485672
-0.0500389
-0.0517052
-0.0535396
-0.0555154
-0.057606
-0.0597844
-0.0620233
-0.0642945
-0.0665694
-0.0688181
-0.0710101
-0.0731135
-0.0750953
-0.0769214
-0.0785561
-0.0799626
-0.0811026
-0.0819365
-0.0824231
-0.0825202
-0.0821838
-0.0813688
-0.080029
-0.0781165
-0.0755829
-0.0723781
-0.0684514
-0.0637512
-0.0582247
-0.0518187
-0.0444791
-0.0361511
-0.0267794
-0.0163079
-0.00468037
0.00815982
0.0222686
0.0377
0.0545039
0.0727208
0.0923749
0.11346
0.135917
0.159606
0.184254
0.209397
0.234314
0.257953
0.278921
0.295663
0.306365
0.307286
0.295355
-0.144054
-0.15672
-0.158856
-0.153811
-0.145365
-0.135141
-0.124203
-0.113318
-0.102956
-0.0933781
-0.0847098
-0.0769941
-0.0702221
-0.064355
-0.0593389
-0.0551128
-0.0516145
-0.0487833
-0.0465618
-0.0448966
-0.0437385
-0.0430419
-0.0427652
-0.0428699
-0.0433201
-0.0440824
-0.0451253
-0.0464188
-0.047934
-0.0496429
-0.0515181
-0.0535322
-0.0556581
-0.0578684
-0.0601352
-0.06243
-0.0647239
-0.0669868
-0.0691877
-0.0712946
-0.0732742
-0.075092
-0.0767121
-0.0780975
-0.0792094
-0.0800079
-0.0804514
-0.0804971
-0.0801004
-0.0792157
-0.0777957
-0.0757915
-0.0731534
-0.0698299
-0.0657682
-0.060914
-0.0552118
-0.0486043
-0.0410325
-0.0324355
-0.0227501
-0.0119106
0.000152183
0.0135106
0.0282412
0.0444242
0.0621432
0.0814822
0.102521
0.125323
0.149919
0.176269
0.204216
0.233405
0.263181
0.29246
0.319638
0.342723
0.359166
0.363675
0.351305
-0.17136
-0.185722
-0.185018
-0.175157
-0.161813
-0.147203
-0.132584
-0.118747
-0.106094
-0.0947781
-0.0848187
-0.0761607
-0.0687139
-0.062374
-0.0570359
-0.0525994
-0.0489725
-0.0460724
-0.043825
-0.0421647
-0.0410328
-0.0403774
-0.0401516
-0.0403132
-0.0408236
-0.0416475
-0.0427517
-0.044105
-0.0456779
-0.0474415
-0.049368
-0.0514296
-0.0535989
-0.0558482
-0.0581495
-0.0604742
-0.0627931
-0.0650759
-0.0672917
-0.0694083
-0.0713923
-0.073209
-0.0748225
-0.0761954
-0.077289
-0.078063
-0.0784756
-0.0784836
-0.0780422
-0.0771051
-0.0756249
-0.0735503
-0.0708322
-0.0674172
-0.0632508
-0.0582767
-0.0524365
-0.0456694
-0.037912
-0.0290974
-0.0191552
-0.00800976
0.00442018
0.0182233
0.0334972
0.0503499
0.0689015
0.0892849
0.111644
0.13613
0.162884
0.192013
0.223537
0.257305
0.292853
0.329212
0.364701
0.396891
0.422295
0.433418
0.422156
-0.212131
-0.226189
-0.218916
-0.200835
-0.180132
-0.159514
-0.140233
-0.122922
-0.107754
-0.0946624
-0.0834777
-0.0739964
-0.0660143
-0.0593435
-0.0538173
-0.0492918
-0.0456435
-0.0427675
-0.0405742
-0.0389868
-0.0379392
-0.037374
-0.0372407
-0.0374944
-0.038095
-0.0390059
-0.0401931
-0.041625
-0.0432716
-0.0451041
-0.0470943
-0.0492146
-0.0514375
-0.0537354
-0.0560802
-0.0584435
-0.060796
-0.0631077
-0.0653475
-0.0674834
-0.0694819
-0.0713085
-0.0729273
-0.0743009
-0.0753905
-0.0761557
-0.0765548
-0.0765442
-0.0760791
-0.0751128
-0.0735964
-0.0714817
-0.0687152
-0.0652435
-0.0610109
-0.0559595
-0.0500284
-0.0431541
-0.0352691
-0.0263016
-0.0161746
-0.00480378
0.00790351
0.0220511
0.0377566
0.0551554
0.0744045
0.0956874
0.119218
0.145245
0.174045
0.205912
0.241115
0.279826
0.321965
0.366943
0.41331
0.458494
0.498013
0.521555
0.515934
-0.276514
-0.283737
-0.262291
-0.230517
-0.199079
-0.170552
-0.145687
-0.124581
-0.10692
-0.0922433
-0.0800936
-0.070062
-0.0618026
-0.0550306
-0.0495148
-0.0450682
-0.0415392
-0.0388043
-0.036762
-0.035328
-0.0344314
-0.0340118
-0.0340173
-0.0344021
-0.0351257
-0.0361514
-0.0374455
-0.0389767
-0.0407153
-0.0426328
-0.0447014
-0.0468938
-0.049183
-0.0515414
-0.0539416
-0.0563552
-0.0587533
-0.0611061
-0.0633827
-0.0655514
-0.0675788
-0.0694307
-0.0710713
-0.0724634
-0.0735682
-0.0743456
-0.0747539
-0.0747497
-0.0742879
-0.0733219
-0.071803
-0.0696814
-0.0669044
-0.0634177
-0.0591648
-0.0540864
-0.04812
-0.0411999
-0.0332557
-0.0242117
-0.0139855
-0.00248598
0.010389
0.0247558
0.0407494
0.0585291
0.0782853
0.100249
0.124704
0.151996
0.182551
0.21688
0.255572
0.29925
0.348457
0.403394
0.463483
0.526751
0.588275
0.634937
0.646247
-0.38372
-0.366096
-0.316191
-0.262668
-0.216231
-0.177873
-0.146885
-0.122152
-0.102457
-0.0867368
-0.0741429
-0.0640193
-0.0558671
-0.0493088
-0.0440576
-0.0398939
-0.0366474
-0.0341844
-0.0323984
-0.0312027
-0.0305261
-0.0303088
-0.0304997
-0.0310545
-0.0319338
-0.0331022
-0.0345273
-0.0361789
-0.0380282
-0.0400477
-0.0422105
-0.0444899
-0.0468596
-0.0492927
-0.0517622
-0.0542404
-0.0566987
-0.0591077
-0.0614371
-0.0636554
-0.0657296
-0.0676259
-0.0693086
-0.070741
-0.0718846
-0.0726994
-0.073144
-0.0731752
-0.0727481
-0.0718163
-0.0703311
-0.0682424
-0.0654978
-0.0620427
-0.05782
-0.0527698
-0.0468288
-0.0399298
-0.0320008
-0.0229634
-0.0127319
-0.00121043
0.0117094
0.026153
0.0422676
0.06023
0.0802564
0.102616
0.127648
0.15579
0.187606
0.223831
0.265412
0.313545
0.369658
0.435293
0.511769
0.599182
0.693709
0.78192
0.835844
-0.57794
-0.481699
-0.376926
-0.291794
-0.226409
-0.177322
-0.140893
-0.113723
-0.093192
-0.0774594
-0.0652519
-0.0556835
-0.0481345
-0.0421675
-0.0374683
-0.0338073
-0.0310124
-0.0289526
-0.0275255
-0.0266495
-0.0262582
-0.026296
-0.0267158
-0.0274767
-0.0285424
-0.02988
-0.0314593
-0.033252
-0.035231
-0.0373702
-0.039644
-0.0420268
-0.0444931
-0.0470171
-0.0495725
-0.0521321
-0.0546682
-0.0571519
-0.0595534
-0.0618416
-0.0639843
-0.0659479
-0.0676972
-0.0691958
-0.0704057
-0.0712874
-0.0717997
-0.0718997
-0.0715429
-0.070683
-0.0692722
-0.06726
-0.0645943
-0.0612208
-0.0570824
-0.0521191
-0.0462675
-0.0394601
-0.0316241
-0.0226805
-0.0125423
-0.00111184
0.0117219
0.0260881
0.0421394
0.0600611
0.080082
0.102492
0.127663
0.156091
0.188439
0.22562
0.268906
0.320085
0.381662
0.457107
0.551017
0.667916
0.808939
0.972345
1.13567
-0.980517
-0.631084
-0.415682
-0.292607
-0.211801
-0.157068
-0.120051
-0.0943624
-0.075884
-0.0621959
-0.0518283
-0.0438456
-0.0376379
-0.0327984
-0.0290474
-0.0261866
-0.0240712
-0.0225922
-0.0216652
-0.0212229
-0.0212104
-0.0215817
-0.0222971
-0.0233218
-0.0246245
-0.0261767
-0.0279514
-0.0299233
-0.0320677
-0.0343606
-0.0367781
-0.0392964
-0.0418911
-0.0445377
-0.0472108
-0.0498844
-0.0525316
-0.0551242
-0.0576333
-0.0600283
-0.0622777
-0.0643485
-0.0662062
-0.0678148
-0.0691369
-0.0701334
-0.0707636
-0.0709853
-0.0707544
-0.0700251
-0.0687498
-0.0668789
-0.0643608
-0.0611415
-0.0571646
-0.0523709
-0.0466976
-0.040078
-0.0324404
-0.0237071
-0.0137925
-0.00260088
0.00997642
0.0240653
0.0398147
0.0574045
0.0770573
0.0990547
0.123763
0.151669
0.183444
0.220032
0.262818
0.313894
0.376535
0.45608
0.561271
0.704524
0.903722
1.20977
1.67235
-1.70456
-0.781326
-0.375455
-0.225967
-0.149945
-0.104675
-0.0773638
-0.0599642
-0.0479751
-0.0392252
-0.0326114
-0.0275089
-0.0235413
-0.0204706
-0.0181383
-0.0164325
-0.0152706
-0.0145891
-0.0143372
-0.0144728
-0.0149603
-0.0157684
-0.016869
-0.0182366
-0.0198471
-0.0216779
-0.023707
-0.025913
-0.0282746
-0.0307707
-0.0333798
-0.03608
-0.038849
-0.0416638
-0.0445005
-0.0473343
-0.0501394
-0.0528889
-0.0555545
-0.0581068
-0.0605151
-0.062747
-0.0647688
-0.0665454
-0.0680398
-0.0692139
-0.0700274
-0.0704388
-0.0704047
-0.0698799
-0.0688176
-0.0671689
-0.0648831
-0.0619072
-0.0581859
-0.0536614
-0.0482725
-0.0419547
-0.0346388
-0.0262505
-0.0167084
-0.00592276
0.00620752
0.019798
0.0349836
0.0519248
0.0708169
0.0919032
0.115495
0.141999
0.171968
0.206178
0.245766
0.292502
0.349346
0.421762
0.520655
0.667866
0.916079
1.44091
2.48736
)
;

boundaryField
{
    movingWall
    {
        type            zeroGradient;
    }
    fixedWalls
    {
        type            zeroGradient;
    }
    frontAndBack
    {
        type            empty;
    }
}


// ************************************************************************* //
